"Season","TeamName","Size","SizeRank","Hgt5","Hgt5Rank","Hgt4","Hgt4Rank","Hgt3","Hgt3Rank","Hgt2","Hgt2Rank","Hgt1","Hgt1Rank","HgtEff","HgtEffRank","Exp","ExpRank","Bench","BenchRank","Pts5","Pts5Rank","Pts4","Pts4Rank","Pts3","Pts3Rank","Pts2","Pts2Rank","Pts1","Pts1Rank","OR5","OR5Rank","OR4","OR4Rank","OR3","OR3Rank","OR2","OR2Rank","OR1","OR1Rank","DR5","DR5Rank","DR4","DR4Rank","DR3","DR3Rank","DR2","DR2Rank","DR1","DR1Rank"
2017,"Abilene Christian",76.31,239,-1.02,275,-0.6,247,-0.89,277,-0.68,250,0.88,99,-0.81,269,1.14,322,35.73,87,30.65,5,23.43,82,13.8,338,15.23,320,16.82,255,43.2,67,31.68,91,13.4,227,4.63,338,7.01,208,27.88,126,27.83,73,15.98,292,15.62,184,12.63,239
2017,"Air Force",76.33,236,-1.79,335,-1.27,308,-1.01,288,0.18,150,1.71,42,-1.53,331,2.02,66,33.02,149,22.58,70,22.03,116,17.22,268,18.63,231,19.47,173,42.07,80,22.96,251,14.46,198,15.11,70,5.29,287,18.34,340,25.51,135,21.02,87,20.84,28,14.22,149
2017,"Akron",76.33,235,1.04,72,1.69,21,-1.1,295,-1.5,309,-2.3,325,1.36,37,1.8,144,28.04,265,22.32,77,23.9,67,18.34,225,15.77,311,19.67,167,29.89,294,37.37,32,20.46,84,7.21,275,5.06,295,31.83,36,22.53,235,22.39,59,10.35,346,12.89,228
2017,"Alabama",78.02,30,0.45,119,1.09,55,2.26,9,2.45,9,0,189,0.77,84,1.54,239,38.54,36,17.33,227,21.92,120,17.24,267,23.6,91,19.86,165,30.18,283,23.18,247,29.46,8,11.57,135,5.54,276,25.33,195,23.08,214,21.63,71,18.54,80,11.34,290
2017,"Alabama A&M",74.38,350,-0.96,254,-1.04,287,-3.4,351,-4.03,349,-2.54,331,-1,292,1.9,108,38.09,41,27.51,12,16.31,304,17.16,271,13.36,342,25.59,34,39.92,119,25.94,207,14.6,195,9.2,211,10.25,82,32.11,32,19.65,300,17.24,243,15.73,175,15.21,109
2017,"Alabama St.",76.51,208,-1.04,281,-1.1,296,-0.11,181,0.46,120,0.46,142,-1.07,300,2.05,62,36.87,64,16.97,242,24.09,65,24.43,46,20.05,189,14.43,309,35.22,205,30.76,110,12.6,247,11.1,151,10.28,81,29.29,83,24.2,178,17.79,223,16.94,125,11.75,279
2017,"Albany",76.63,189,-1.21,297,-0.45,234,0.77,96,0.48,115,-0.28,211,-0.83,272,1.8,143,28.32,258,11.45,348,20.12,166,18.35,223,22.13,127,27.9,17,33.45,234,39.48,21,13.53,221,8.03,243,5.42,280,20.96,314,22.57,233,20.86,94,19.71,56,15.83,86
2017,"Alcorn St.",76.12,262,-1.46,318,-0.66,255,-0.5,228,-0.01,183,-0.64,247,-1.06,299,2.06,60,31.88,187,18.21,190,27.62,11,22.56,83,17.37,273,14.22,316,29.74,296,32.15,86,18.49,109,9.88,197,9.72,96,23.32,264,29.5,41,16.91,252,17.86,104,12.37,250
2017,"American",76.52,207,0.98,79,-0.94,280,-0.42,218,-1.09,287,0.24,170,0.02,161,1.31,290,27.72,277,23.94,42,19.51,201,15.92,307,17.28,276,23.32,78,32.35,253,18.89,296,20.81,79,13.25,102,14.64,21,19.9,328,19.36,305,24.79,22,17.35,117,18.52,25
2017,"Appalachian St.",77.18,120,-0.42,210,0.97,68,0.52,114,0.65,103,0.33,166,0.28,131,1.04,330,38.38,39,19.27,154,21.07,138,18.91,203,24.71,66,16.04,277,35.98,191,28.63,148,13.06,236,12.97,109,9.35,110,29.61,76,30.75,18,15,315,14.36,245,10.28,329
2017,"Arizona",78.74,5,3.04,7,4.13,1,0.61,110,1.73,29,0.35,161,3.58,2,1.14,321,33.93,121,25.32,30,19.01,221,21.84,99,19.38,208,14.41,312,35.2,206,31.54,94,8.02,334,19.49,21,5.67,270,25.26,197,23.55,197,16.38,280,18.49,83,16.26,70
2017,"Arizona St.",76.42,222,-0.67,228,-0.7,259,0.28,133,-1.11,290,0.46,142,-0.68,253,2.08,56,15.34,351,14.6,305,16.92,287,23.44,66,23.72,89,21.28,126,47.56,30,20.21,282,8.14,332,15.58,59,8.43,144,28.2,116,25.13,147,17.97,215,14.19,249,14.45,138
2017,"Arkansas",76.94,150,0.75,93,0.79,82,-1.72,328,0.18,150,0.85,101,0.77,85,2.33,18,37.32,56,17.98,198,13.38,347,20.85,134,26.83,27,20.95,133,30.37,280,28.02,156,14.48,197,10.44,170,16.69,10,32.77,23,23.31,207,15.84,297,14.04,253,14.04,157
2017,"Arkansas Pine Bluff",77.18,121,-0.69,229,0.5,107,-0.4,213,0.18,150,2.46,13,-0.1,184,2.15,42,43.29,4,19.52,147,22.46,101,18.51,216,18.57,234,20.87,136,31.93,259,29.4,138,7.76,336,20.14,19,10.7,66,24.39,225,27.37,83,17.71,228,12.28,305,18.19,31
2017,"Arkansas St.",75.41,331,-2.68,350,-2.8,346,-0.72,256,0.49,114,-1.11,276,-2.74,349,2.01,72,29.73,230,20.27,123,21.4,131,19.65,170,22.78,110,15.89,281,50.19,17,14.96,332,12.47,254,15.39,63,6.99,211,31.4,47,22.79,223,20.91,91,12.97,287,11.93,269
2017,"Army",75.86,298,-0.53,220,-1,283,-0.33,201,-1.82,325,-0.89,261,-0.76,263,1.48,257,34.9,102,22.21,78,22.61,98,18.07,239,21.08,157,15.97,278,44.56,52,27.03,188,15.75,169,5.48,327,7.08,203,32.21,30,26.6,107,18.87,171,11.24,331,11,307
2017,"Auburn",76.78,167,-0.19,182,0.2,141,0.7,97,1.12,71,-1.76,306,0,164,1.03,332,40.28,19,16.63,253,17.99,256,19.39,185,22.42,117,23.52,71,36.66,181,26.21,205,12.52,252,16.37,49,8.17,152,19.84,329,24.51,169,22.9,54,20.28,42,12.42,247
2017,"Austin Peay",76.17,255,-1.75,333,-1.34,314,0.07,163,0.33,137,-0.33,217,-1.54,332,2.04,64,24.33,325,19.69,139,13.26,348,19.38,186,28.85,12,18.76,193,38.94,148,25.17,222,19.41,99,8.28,233,8.14,153,31.88,34,24.58,164,18.46,193,14.05,252,10.95,309
2017,"BYU",77.44,88,0.7,95,0.48,110,-0.1,179,0.6,106,1.67,44,0.59,98,1,338,33.16,142,29.69,7,16.4,299,20.04,161,14.95,323,18.93,190,45.2,44,31.67,92,12,271,7.7,253,3.43,339,28.28,111,27.91,69,14.06,332,14.72,230,15.03,117
2017,"Ball St.",77.59,72,-0.3,195,-0.28,212,1.28,43,1.24,46,2.16,23,-0.29,204,1.69,185,33.88,122,17.82,203,15.56,319,20.62,140,20.05,190,25.95,31,40.87,104,14.76,333,21.14,75,17,41,6.23,248,33.74,20,17.99,320,17.1,245,15.45,193,15.72,93
2017,"Baylor",77.78,46,2.36,15,2.11,13,0.28,133,0.73,98,-0.41,228,2.23,10,1.91,102,31.37,196,23.3,53,26.14,29,10.92,349,17.07,285,22.57,96,35.55,199,37.16,34,12.7,244,10.01,190,4.57,317,31.38,48,26.52,108,16.88,255,14.52,238,10.7,314
2017,"Belmont",77.39,98,-0.96,254,0.29,134,1.45,30,0.18,150,2.17,22,-0.34,210,2.19,33,23.16,336,25.35,29,17.94,259,24.29,47,14.09,335,18.3,210,27.18,321,30.24,120,28.43,12,5.34,330,8.8,123,19.94,327,26.65,105,28.32,4,13.26,276,11.81,275
2017,"Bethune Cookman",76.67,183,-0.85,244,-1.8,332,-0.21,189,0.92,84,1.42,63,-1.33,320,1.71,178,27.87,272,11.9,341,24.98,42,21.35,111,23.53,94,18.19,216,32.83,243,23.36,245,15.73,170,14.74,73,13.28,33,17.86,344,20.84,278,20.85,96,22.03,20,18.37,28
2017,"Binghamton",75.63,316,-0.08,168,-0.8,265,-1.74,334,-1.99,338,-1.09,272,-0.44,226,1.65,198,41.8,9,18.73,173,24.33,56,19.43,183,18.18,245,19.27,178,26.67,326,33.47,71,23.03,55,10.19,180,6.54,234,25.51,190,23.72,190,21.97,65,15.15,209,13.56,187
2017,"Boise St.",77.87,39,1.58,39,0.98,66,1.89,15,1.05,78,0.02,186,1.28,43,1.5,250,30.87,204,15.58,291,18.66,232,23.7,58,20.4,174,21.62,116,52.17,12,18.52,301,15.38,175,6.72,294,7.15,200,23.25,270,17.83,322,26.43,12,15.77,173,16.68,57
2017,"Boston College",77.6,71,0.66,100,-0.07,191,0.65,104,2.18,14,0.71,121,0.3,128,1.55,235,28.14,262,17.89,201,14.47,339,14.64,332,27.54,19,25.43,38,41.48,88,15.7,329,22.31,59,9.14,212,11.32,56,27.66,131,17.42,332,20.1,123,14.81,225,19.98,12
2017,"Boston University",77.06,136,-0.96,254,0.27,136,0.28,133,1.07,75,0.81,110,-0.35,211,1.75,162,34.68,106,22.95,58,20.12,167,26.09,24,16.95,290,13.89,322,45.12,45,18.73,297,18.75,106,7.63,258,9.77,94,32.35,25,20.32,287,23.52,43,11.89,317,11.91,270
2017,"Bowling Green",76.04,270,0.29,133,-1.05,290,-1.11,296,-0.86,273,-0.93,263,-0.38,221,1.57,229,38.47,38,19.75,135,21.35,132,17.44,262,23.55,92,17.85,228,48.46,25,18.18,305,12.08,267,13.1,105,8.1,158,32.18,31,16.96,338,16.35,281,21.48,24,12.98,224
2017,"Bradley",76.89,157,1.13,62,0.49,108,0.17,156,0.18,150,-1.37,292,0.81,77,0.76,349,42.75,5,17.34,223,20.75,144,21.29,115,17.62,267,22.95,88,37.28,170,30.41,116,15.86,165,11.18,150,5.2,292,24.79,216,29.04,48,18.63,183,16.05,163,11.44,289
2017,"Brown",75.99,280,-1.61,327,-0.92,279,-0.1,180,-1.01,281,-0.25,205,-1.27,309,1.62,212,32.11,176,21.85,87,25.56,36,17.54,260,15.18,321,19.83,166,51.32,15,24.64,228,13.39,229,5.23,331,5.35,285,32.86,22,25.4,140,17.07,246,14.82,222,9.8,334
2017,"Bryant",75.11,340,-2.19,346,-1.79,331,-2.66,349,-1.4,303,-0.24,204,-1.99,343,0.96,341,27.61,280,19.91,130,22.03,115,18.56,215,25.28,51,14.19,318,28.77,306,37.41,31,10.49,300,13.13,104,10.15,86,27.22,139,21.92,256,16.87,259,14.56,237,19.39,17
2017,"Bucknell",76.24,246,-0.28,192,0.47,112,-0.16,185,-1.25,298,-1.44,297,0.09,156,1.43,269,31.93,184,25.72,25,22.28,107,15.48,316,17.14,282,19.32,177,43.14,69,30.04,125,13.59,218,8,244,5.15,293,31.79,37,26.49,111,15.97,293,11.54,323,14.13,152
2017,"Buffalo",77.49,85,0.05,150,0.68,92,0.79,92,1.07,76,1,88,0.37,118,1.7,182,32.53,163,15.83,281,25.05,41,24.69,40,22.41,118,12.02,342,40.24,112,22.97,250,13.42,225,13.01,106,10.35,77,25.49,191,27.59,78,18.58,184,15.52,188,12.82,232
2017,"Butler",76.44,218,-0.46,214,0.2,141,0.89,81,-1.15,293,-1.1,273,-0.13,187,2.05,61,33.61,129,19.82,131,25.13,39,17.17,270,20.39,175,17.47,241,46.43,34,21.4,269,18.19,112,6.31,305,7.63,172,21.19,307,25.1,148,18.47,192,20.14,46,15.1,113
2017,"Cal Poly",75.31,335,0.2,142,0.44,117,-3.21,350,-2.82,346,-1.89,313,0.32,125,2,78,32.91,153,15.33,297,13.83,343,21.36,110,25.27,52,24.15,59,26.97,323,45.66,3,10.73,294,9.28,208,7.25,194,28.12,118,30.59,22,16.87,258,11.45,325,12.89,226
2017,"Cal St. Bakersfield",75.62,318,-1,271,-1.09,295,-0.72,256,-0.43,229,-2.54,331,-1.04,297,2.35,14,35.11,98,13.94,317,21.65,126,29.22,4,14.9,324,20.26,161,31.02,272,31.5,95,15.76,168,11.66,133,10.03,90,26.15,169,22.29,243,16.96,250,20.05,48,14.52,133
2017,"Cal St. Fullerton",76.33,237,0.93,88,-1.03,286,-1.38,312,0.18,150,-0.89,262,-0.05,174,1.53,241,35.6,89,13.95,316,16.91,288,19.79,165,24.44,74,24.85,42,39.58,128,25.77,212,12.16,264,5.8,315,16.61,11,25.76,182,24.03,184,17.9,219,13.9,256,18.35,29
2017,"Cal St. Northridge",77.64,62,0.66,101,0.25,139,0.28,133,0.7,100,2.46,13,0.45,111,1.74,165,26.3,298,16.11,270,19.58,197,19.13,196,20.36,177,24.83,44,36.88,175,24.24,235,11.97,273,15.35,64,11.57,50,23.83,248,21.77,262,16.51,278,19.9,52,17.99,36
2017,"California",77.97,31,2.88,9,2.45,8,0.89,82,0.48,116,-0.67,251,2.66,5,1.9,109,33.68,128,16.25,264,19.62,193,21.9,97,17.72,264,24.52,50,43.31,65,30.22,121,13.48,222,4.47,340,8.53,140,26.59,150,28.53,60,18.19,202,16.55,144,10.15,330
2017,"Campbell",75.7,311,-1.56,324,0.01,181,-0.38,208,-0.32,217,-3.11,340,-0.78,266,1.15,319,30.41,214,12.63,336,19.14,217,11.93,346,19.74,197,36.53,1,44.96,49,21.73,265,14.91,188,7.66,255,10.67,69,24.99,209,19.46,303,18.01,212,16.84,132,20.65,10
2017,"Canisius",75.99,282,-1.11,284,-0.51,240,-0.68,254,0.18,150,-1.8,309,-0.81,270,1.66,195,26.96,291,20.03,127,27.29,15,18.23,229,23.22,102,11.17,348,29.66,298,29.03,142,20.26,87,14.31,80,6.66,225,22,296,20.16,293,26.11,14,16.25,157,15.41,101
2017,"Central Arkansas",76.41,225,-0.94,252,-0.77,263,0.42,123,0.59,108,-1.09,271,-0.86,275,1.86,122,31.54,193,11.62,346,19.19,216,21.92,96,19.05,216,28.23,12,25.08,332,25.22,221,29.88,7,16.12,52,3.67,336,20.11,325,27.52,82,21.42,75,15.27,204,15.67,97
2017,"Central Connecticut",76.13,260,-1.01,273,-0.6,248,-1.68,327,-0.06,190,0.17,177,-0.8,268,1.73,169,27.2,287,20.72,110,20.53,154,24.8,38,21.27,152,12.61,335,26.92,325,40.23,17,11.45,281,11.27,146,10.04,89,24.91,213,23.97,187,19.06,161,15.27,203,16.72,56
2017,"Central Michigan",74.98,343,0.2,141,-0.15,201,-0.15,183,-5.32,350,-3.54,341,0.03,160,1.84,125,22.86,339,11.68,343,15.16,327,11.96,345,34.97,1,26.18,30,35.83,194,31.06,104,15.78,166,8.16,236,9.08,117,28.52,108,23.52,199,17.68,230,15.65,182,14.56,132
2017,"Charleston Southern",75.71,309,-1.03,279,-1.74,330,-1.99,343,-1.02,283,0.46,142,-1.39,322,1.5,252,31.88,188,13.61,320,16.51,298,26.97,15,22.23,125,20.65,142,44,56,27.28,179,15.18,180,7.63,257,5.86,263,18.16,341,25.22,144,29.06,3,16.47,148,11.03,305
2017,"Charlotte",76.41,224,-1.15,287,-0.38,225,-1.36,310,0.18,150,0.93,94,-0.76,262,1.66,196,34.99,100,16.04,273,17.22,279,19.69,168,27.4,22,19.6,170,34.69,212,20.89,277,25.23,31,10.13,185,9,119,26.3,160,21.58,266,23.14,51,18.1,96,10.81,313
2017,"Chattanooga",76.66,185,1.04,72,-1.11,297,-0.38,207,-0.82,260,0.71,122,-0.04,171,2.25,24,32.14,174,23.86,44,22.79,97,17.1,276,20.96,161,15.25,294,34.48,215,30.28,118,17.13,134,12.83,111,5.24,289,30.43,59,23.44,203,20.03,125,12.87,291,13.18,214
2017,"Chicago St.",76.01,276,-1.03,280,-1.27,307,-1.72,328,-0.1,197,0.34,164,-1.15,305,1.95,88,38.31,40,16.1,271,23.13,90,15.61,313,30.38,7,14.75,304,36.56,183,30.29,117,8.56,327,10.01,191,14.57,23,26.43,152,28.19,65,13.64,335,18.06,97,13.65,180
2017,"Cincinnati",77.67,58,0.23,137,1.04,58,1,69,1.34,41,0.91,95,0.64,95,1.72,175,27.77,276,24.02,40,19.8,185,23.33,69,18.62,232,14.21,317,29.34,303,34.35,61,18.06,115,9.62,204,8.61,135,28.21,114,28.78,55,14.17,330,19.52,58,9.29,344
2017,"Clemson",77.62,66,0.53,115,0.82,79,0.82,88,0.31,139,1.77,37,0.68,94,2.14,45,31.92,185,17.24,230,18.78,227,21.39,108,22.1,128,20.45,151,48.66,24,19.63,289,16.39,149,8.39,228,6.86,217,30.52,58,21.45,269,20.13,122,14.82,221,13.03,221
2017,"Cleveland St.",76.62,194,-1,272,-0.28,213,-0.39,211,1.18,51,-0.27,209,-0.64,252,1.47,259,36.3,75,19.74,137,15.54,320,17.8,249,29.11,10,17.76,235,34.03,225,28.22,155,16.35,151,12.53,118,8.79,124,25.85,181,23.52,198,15.54,307,20.34,40,14.69,128
2017,"Coastal Carolina",76.38,229,-0.74,236,-0.4,228,-0.49,227,-0.04,186,-0.29,212,-0.57,238,1.86,119,32.35,168,16.49,257,19.84,181,18.35,224,21.85,135,23.43,74,38.21,160,27.85,159,17.86,121,9.26,210,6.76,221,26.21,164,27.52,81,20.09,124,12.57,300,13.57,185
2017,"Colgate",77.13,126,-0.75,237,0.77,85,1.08,64,-0.73,253,1.46,52,0.01,163,1.5,251,29.22,236,19.52,148,26.27,26,21.02,126,13.05,344,20.15,162,40.68,106,27.65,163,16.7,144,7.38,266,7.59,176,30.77,54,21.27,271,23.83,37,14.42,242,9.71,339
2017,"College of Charleston",77.06,137,0.38,125,0.02,177,-0.63,247,0.91,86,0.76,115,0.2,142,1.17,316,26.01,301,13.49,322,22.96,92,15.5,315,29.44,9,18.56,198,41.2,94,27.12,185,10.2,307,7.93,246,13.49,31,29.82,69,32.15,15,13.62,336,14.01,254,10.33,327
2017,"Colorado",77.97,32,0.3,132,0.48,109,0.85,85,2.06,19,2.31,21,0.39,114,2.14,43,35.17,96,15.57,293,24.32,57,18.68,212,26.8,28,14.58,308,31.64,263,27.36,175,21.79,64,11.91,127,7.21,196,25.56,188,25.92,123,24.54,28,14.71,231,9.2,346
2017,"Colorado St.",77.5,83,1.15,60,1.03,62,-0.36,206,0.18,149,1.66,46,1.09,55,1.62,210,26.75,293,13.15,327,23.18,88,27.79,11,14.22,332,21.6,117,41.14,96,35.95,46,16.13,159,3.14,348,3.55,337,21.13,308,34.87,5,20.6,104,11.46,324,11.88,273
2017,"Columbia",76.98,146,1.59,38,1.38,37,0.1,162,-0.67,249,-1.36,290,1.49,31,1.48,256,37.89,45,24.21,35,17.89,260,16.02,303,19.32,210,22.53,100,27.7,319,34.22,63,26.69,20,6.31,304,4.98,299,29.63,75,28.77,56,15.14,312,15.72,178,10.69,315
2017,"Connecticut",78.61,7,2.68,10,2.94,2,1.21,56,0.61,105,1.78,36,2.81,4,1.63,205,24.67,321,17.16,237,18.05,253,20.33,150,23.41,97,21.03,130,39.04,143,35.76,47,8.14,331,7.27,271,9.75,95,23.84,247,24.62,162,18.3,196,16.32,153,16.91,50
2017,"Coppin St.",76.63,192,-0.96,254,-0.26,210,-0.72,256,-0.21,209,1.46,52,-0.61,247,2.12,48,35.93,81,21.36,100,16.37,300,19.22,192,21.52,143,21.52,119,37.46,169,29.49,135,18.08,114,7.77,251,7.15,198,28.91,92,27.02,95,20.9,92,13.4,272,9.75,337
2017,"Cornell",75.27,336,-0.96,254,-1.9,339,-1.85,339,-1.06,286,-1.76,305,-1.43,326,1.61,213,35.8,85,22.55,71,15.66,317,15.97,305,29.46,8,16.28,269,44.72,50,23.53,242,19.58,94,7.55,260,4.51,319,23.39,260,15.77,344,23.41,45,20.81,30,16.54,59
2017,"Creighton",77.29,107,2.33,16,1.53,29,-1.49,315,0.18,150,0.05,184,1.93,21,1.74,166,34.24,113,21.19,103,20.11,168,15.54,314,25.02,58,18.12,219,33.81,227,31.44,96,5.49,349,14.44,78,14.79,18,27.37,137,24.67,160,14.58,323,16.63,143,16.72,55
2017,"Dartmouth",76.23,249,-1.11,283,-0.65,254,-0.46,224,-0.63,243,0.15,179,-0.88,277,1.58,225,33.44,133,29.06,9,15.27,323,19.63,173,20.2,182,15.79,283,33.13,239,32.91,76,20.66,83,6.5,301,6.72,222,35.49,12,15.29,347,19.13,158,17.6,112,12.42,246
2017,"Davidson",77.01,142,1.02,77,1.06,56,0.17,154,-0.63,244,-0.41,229,1.04,58,1.7,181,25.84,304,17.21,234,28.4,7,13.22,342,10.81,350,30.29,6,27.11,322,26.48,201,19.02,104,16.66,45,10.65,70,22.88,278,29.57,39,16.54,276,16.66,141,14.27,144
2017,"Dayton",76.59,197,-0.89,248,-0.33,220,0.29,132,-0.11,198,0.16,178,-0.61,245,2.18,35,35.5,93,19.77,133,22.1,114,20.06,160,20.17,185,17.86,227,40.29,111,26.89,195,12.39,258,11.09,152,9.28,112,22.2,293,24,186,17.5,235,18.2,91,18.04,35
2017,"DePaul",77.56,76,-1.15,291,0.01,182,1.28,43,2.55,8,1.25,64,-0.57,239,1.59,221,27.58,281,11.55,347,20.21,163,28.66,8,22.16,126,17.43,242,36.26,187,18.96,293,9.1,322,22.6,10,13.08,35,20.54,318,29.68,34,18.56,186,19.92,50,11.31,291
2017,"Delaware",77.04,139,-0.24,185,-0.13,198,-0.65,250,1.18,51,1.18,73,-0.18,189,1.52,246,31.33,198,16.28,262,18.08,249,18.21,231,24.43,75,22.99,84,38.32,156,13.39,343,12.02,270,21.52,15,14.71,19,24.41,223,19.3,306,15.76,300,22.44,19,18.07,32
2017,"Delaware St.",76.15,256,-0.35,199,-0.59,246,0.22,152,-0.14,200,-2.24,321,-0.47,227,1.69,187,35.16,97,12.51,337,24.12,62,18.77,209,20.48,172,24.1,61,34.34,217,29.78,130,12.38,260,16.22,50,7.25,193,27.96,123,25.02,154,18.83,173,13.48,268,14.69,129
2017,"Denver",77.43,90,-0.1,172,-0.29,216,0.17,155,1.08,73,2.46,13,-0.2,190,1.28,297,28.21,259,27.24,16,19.26,212,16.3,300,15.02,322,22.17,110,30.13,284,39.32,22,16.62,148,5.69,318,8.23,149,32.25,29,23.84,189,14.68,321,13.18,282,16.05,79
2017,"Detroit",76.59,198,-0.39,206,0.76,86,-0.82,275,-0.35,220,-0.11,195,0.18,143,1.57,227,34.19,114,14.47,307,23.75,71,20.79,136,18.75,227,22.19,109,30.05,286,30.87,108,21.54,71,10.05,189,7.45,184,25.74,183,28.87,52,20.89,93,13.14,283,11.29,294
2017,"Drake",76.42,223,0.91,90,0.29,133,-1.77,335,-1.1,288,-0.08,192,0.6,97,1.75,161,39.85,24,16.16,268,20.51,155,17.75,251,21.89,133,23.66,67,43.04,70,25.91,210,19.58,93,4.87,334,6.55,233,24.61,219,23.1,213,22.1,63,16.78,137,13.38,197
2017,"Drexel",75.97,284,-0.72,233,-0.36,222,-1.34,308,0.18,150,-1.77,307,-0.54,234,1.68,189,30.08,219,15.58,292,24.4,54,17.52,261,18.82,223,23.66,66,41.44,90,27.61,164,7.08,342,13.24,103,10.6,71,29.16,86,23.72,191,11.12,348,18.48,84,17.49,46
2017,"Duke",78.43,13,0.63,105,1.2,50,1.1,63,2.18,14,3.2,4,0.91,64,1.45,266,25.11,314,15.39,296,23.49,78,26.31,22,17.4,271,17.38,244,41.02,99,21.36,270,13.68,215,11.73,130,12.15,44,28.21,115,29.3,44,18.04,211,13.25,277,11.16,298
2017,"Duquesne",76.67,181,0.04,151,0.96,69,-1.31,306,-0.81,258,0.64,127,0.5,108,1.34,284,30.91,203,16.89,244,20.26,162,20.51,143,18.85,220,23.47,72,42.84,72,29.87,128,17.08,137,7.28,270,2.86,347,30.69,56,26.09,120,16.9,253,14.21,248,12.06,262
2017,"East Carolina",78.68,6,2.91,8,1.61,28,1.78,18,2.01,22,1.25,65,2.26,8,1.53,240,33.24,139,14.25,310,15.26,324,23.14,75,24.49,72,22.82,90,39.7,127,25.51,215,7.24,340,21.97,13,5.52,277,27.53,134,20.65,282,12.31,344,26.62,6,12.83,231
2017,"East Tennessee St.",76.66,184,-0.41,208,-0.2,206,-0.99,283,0.04,180,1,89,-0.3,207,2.53,7,35.73,86,19.61,143,17.15,282,16.55,294,28.52,14,18.13,218,33.61,231,30.25,119,11.35,284,8.47,226,16.25,13,27.76,128,24.04,182,19.56,145,12.42,304,16.16,73
2017,"Eastern Illinois",75.17,339,-0.35,202,-0.5,239,-2.14,344,-0.82,260,-4.21,347,-0.43,224,1.95,89,26.48,296,15.64,290,18,255,20.96,129,25.71,42,19.63,169,42.09,79,27.57,167,12.59,249,12.36,119,5.25,288,38.31,3,23.52,200,16.59,273,15.46,190,6.02,351
2017,"Eastern Kentucky",75.87,295,-0.19,183,-0.29,215,-0.99,282,-1.72,320,-1.34,289,-0.24,197,1.28,298,26.19,300,28.33,10,16.15,308,15.09,326,14.1,334,26.27,28,24.57,337,46.1,2,16.96,142,6.28,306,5.99,254,26.19,166,30.44,23,21.58,72,9.8,348,11.91,271
2017,"Eastern Michigan",78.4,14,1.54,40,2.51,6,2.93,3,0.36,131,0.83,105,2.03,14,2.01,74,32.85,156,17.81,204,14.44,341,13.91,337,26.27,38,27.55,18,40,118,34.26,62,11.92,274,7.12,278,6.67,224,32.34,26,25.56,132,18.24,199,10.49,345,13.33,200
2017,"Eastern Washington",77.37,101,-1.58,326,-0.31,218,0.69,101,1.73,28,2.46,13,-0.95,283,1.83,132,28.56,254,19.81,132,30.57,1,19.38,187,16.29,302,13.91,321,35.91,193,29.06,140,15.97,163,3.18,347,15.83,14,24.37,227,27.28,85,21.29,80,12.21,306,14.82,121
2017,"Elon",76.69,176,-0.25,188,0.84,78,-0.54,237,-0.09,193,-0.34,219,0.29,129,1.61,214,28.07,263,23.79,45,20.5,158,17.8,248,18.88,219,18.98,185,28.18,313,30.18,122,20.78,81,9.85,198,10.95,61,24.77,217,25.06,150,19.92,126,16.15,160,14.04,158
2017,"Evansville",76.49,210,0.09,148,-0.63,250,-0.6,243,0.1,175,-0.38,222,-0.27,200,2.1,51,29.98,223,16.55,254,21.07,139,16.03,302,14.71,327,31.64,3,41.34,91,20.19,283,16.67,146,13.75,89,8.02,160,24.61,220,16.2,343,20.23,118,20.4,37,18.55,24
2017,"FIU",77.1,130,-0.09,170,-0.05,188,0.44,120,0.23,143,1.1,80,-0.07,177,2.35,13,32.27,173,23.45,51,17.68,267,11.84,347,27.47,20,19.51,171,38.92,149,13.26,344,10.17,308,24.17,6,13.42,32,35.63,11,17.1,335,16.71,269,12.14,311,18.35,30
2017,"Fairfield",76.44,220,-0.4,207,0.34,131,-0.66,251,-0.19,205,-0.76,256,-0.03,170,1.49,255,28.69,249,18.17,192,20.33,161,20.7,138,27.06,24,13.69,325,32.37,252,42.53,8,8.74,326,8.68,222,7.61,175,23.01,275,35.05,4,15.89,296,12.79,293,13.22,209
2017,"Fairleigh Dickinson",75.92,293,-0.73,235,-0.24,208,-1.91,341,-1.82,326,0.46,142,-0.49,231,1.44,267,27.09,289,15.96,277,19.71,189,17.85,246,25.15,55,21.29,125,35.19,207,35.42,52,11.57,279,10.72,164,7.06,206,29.43,78,23.42,206,18.64,182,16.88,130,11.58,285
2017,"Florida",77.26,109,0.66,102,1.2,45,1.88,16,-1.14,292,-0.11,196,0.93,63,2.01,71,36.45,73,17.34,224,18.07,250,24.94,37,22.69,112,16.92,252,42.44,76,26.44,202,19.9,90,4.12,344,7.04,207,25.6,185,22.02,251,20.45,110,13.24,278,18.65,22
2017,"Florida A&M",75.99,283,-0.96,254,-0.69,257,-0.73,271,-1.46,306,-0.09,193,-0.82,271,1.64,202,33.88,123,16.54,255,26.78,21,22.31,87,17.05,286,17.25,247,38.29,157,26.96,193,17.5,130,6.8,288,10.33,79,25.44,193,25.34,142,18.65,181,17.25,121,13.24,206
2017,"Florida Atlantic",78.04,29,2.1,19,0.73,89,0.05,167,1.04,81,2.46,13,1.41,34,1.63,207,42.34,7,15.82,283,19.37,206,16.89,282,25.13,56,22.73,92,41.04,98,18.01,310,16.69,145,12.24,124,11.96,46,29.74,72,20.14,294,18.86,172,14.91,217,16.28,68
2017,"Florida Gulf Coast",76.89,156,0.04,152,0.45,114,0.28,133,-0.59,241,0.45,154,0.24,134,1.84,127,32.43,165,18.99,164,16.52,296,18.88,206,22.23,124,23.34,76,41.86,83,27.74,160,13.47,223,8.58,224,8.32,147,28.85,96,24.52,167,15.71,301,14.37,243,16.5,61
2017,"Florida St.",79.17,2,3.5,3,1.66,24,1.8,17,2.45,10,2.56,9,2.58,6,1.25,306,39.57,26,19.94,129,18.59,233,23.84,51,18.82,222,18.74,194,31.18,271,22.05,259,15.11,182,22.04,11,9.56,100,28.26,112,22.44,237,17.68,229,17.24,123,14.31,143
2017,"Fordham",77.03,141,-0.52,219,-0.01,183,0.57,112,0.47,118,0.78,113,-0.27,201,1.73,168,27.63,279,14.28,309,21.94,119,24.46,45,18.35,240,20.94,135,40.42,110,20.56,279,20.79,80,6.95,281,11.23,57,23.41,258,23.52,201,23,53,19.36,61,10.69,317
2017,"Fort Wayne",76.13,261,0.04,152,-1.3,312,-0.95,281,-1.46,307,0.46,142,-0.63,250,1.93,96,26.48,295,18.12,194,15.61,318,19.48,180,21.98,131,24.8,46,35.82,195,21.56,267,21.68,67,13.33,101,7.59,177,22.24,292,21.96,253,21.64,70,19.17,67,14.98,119
2017,"Fresno St.",77.2,114,0.27,134,0.5,106,1.41,34,0.37,130,-0.39,224,0.38,115,1.96,87,29.23,235,19.29,153,20.91,142,17.2,269,24.09,83,18.51,200,24.96,333,25.32,220,27.54,16,15.18,68,6.99,209,25.57,186,22.37,240,22.22,61,16.71,139,13.12,215
2017,"Furman",75.22,338,-1.71,331,-1.62,326,-1.06,291,-1.84,330,-1.54,299,-1.66,337,1.77,154,30.77,206,18.15,193,19.79,187,21.13,122,23.87,86,17.05,249,35.56,198,31.21,99,21.69,66,4.91,333,6.58,232,22.6,286,25.74,127,17.22,244,19.06,70,15.36,105
2017,"Gardner Webb",76.01,277,-0.87,246,-0.79,264,-0.95,279,-0.85,272,-0.33,216,-0.83,273,1.23,310,32.33,169,18.53,177,19.68,190,22.4,84,18.27,243,21.11,129,40.68,107,33.07,75,5.96,348,5.39,328,14.86,17,26.21,163,22.04,250,15.68,302,15.09,210,20.96,6
2017,"George Mason",75.45,328,-1.55,321,-2.8,346,-0.72,256,-0.36,223,-1.18,282,-2.17,346,1.28,294,24.28,326,19.32,151,15.93,313,16.46,295,25.19,54,23.1,79,39.23,134,15.75,328,18.29,111,22.03,12,4.67,312,17.78,345,12.83,350,19.33,149,34.34,1,15.7,95
2017,"George Washington",77.95,34,0.47,118,2.16,12,2.8,4,-0.15,202,0.59,133,1.32,40,1.63,204,35.26,94,18.81,170,29.89,3,17.85,245,15.64,312,17.79,233,22.03,345,29.8,129,32.04,3,6.65,298,9.46,105,22.87,279,28.9,51,22.81,55,12.2,308,13.19,212
2017,"Georgetown",78.07,27,1.25,54,0.36,128,0.44,121,1.96,23,2.52,12,0.8,78,1.78,149,36.79,67,21.55,94,16.68,293,27.17,14,23.21,103,11.34,347,34.59,213,27.11,186,18.45,110,13.5,95,6.25,246,29.82,70,24.44,171,19.51,146,12.89,290,13.28,203
2017,"Georgia",76.74,172,-0.52,217,0.98,67,0.41,124,1.13,70,-2.15,320,0.23,137,1.67,193,36.81,65,13.96,315,27.74,10,10.58,351,17.47,269,30.24,7,36.83,176,35.39,53,7.5,338,14.9,71,5.36,284,26.74,144,25.39,141,13.85,333,19.23,64,14.77,123
2017,"Georgia Southern",75.99,281,-0.96,254,-1.05,288,-0.6,242,-0.16,203,-1.14,277,-1,293,1.52,244,31.31,199,12.48,338,15.78,316,30.97,3,15.88,309,24.84,43,58.62,2,16.93,318,14.13,206,6.22,309,4,332,24.1,241,21.07,273,20.78,99,18.22,90,15.78,90
2017,"Georgia St.",76.65,187,-0.96,254,-0.11,196,0.11,161,0.19,147,0.19,174,-0.54,233,1.8,141,38.7,34,20.69,113,19.32,209,18.08,238,23.5,96,18.34,208,37.23,172,20.39,281,17.5,129,16.11,53,8.68,130,30.08,65,22.06,249,17.73,226,16.36,152,13.69,178
2017,"Georgia Tech",77.35,103,0.97,82,2.01,15,-0.72,256,-0.36,221,1.02,87,1.49,30,1.87,117,24.61,323,22.73,64,17.42,274,23.78,54,27.42,21,8.66,351,41.44,89,21.1,275,17.29,132,10.64,166,9.52,101,28.03,120,29.18,47,16.61,272,14.19,250,11.99,266
2017,"Gonzaga",78.51,8,3.65,2,2.71,4,-0.69,255,0.57,110,2.46,13,3.18,3,1.83,134,31.94,183,26.22,22,19.64,192,15.77,309,15.3,318,23.03,83,37.76,166,36.36,43,10.58,297,7.12,277,8.11,156,29.03,88,27.18,90,11.99,345,10.96,337,20.78,9
2017,"Grambling St.",75.62,317,-1.76,334,-1.57,324,-0.72,256,-1.18,296,-0.54,232,-1.67,338,2.14,46,30.08,218,21.66,91,19.65,191,26.4,20,18.81,225,13.46,327,53.45,9,16.26,324,13.55,219,10.21,179,6.5,238,32.27,28,16.9,339,18.89,167,12.06,315,19.84,13
2017,"Grand Canyon",76.25,244,-1.25,301,-0.5,238,0.66,103,-0.24,212,-1.27,286,-0.88,276,1.63,203,31.18,201,18.58,176,18.77,228,15.37,317,18.13,248,29.13,10,34.29,219,34.06,65,11.43,282,14.48,76,5.71,267,28.96,90,26.02,122,17.35,240,13.69,261,13.97,163
2017,"Green Bay",77.26,111,-0.04,166,0.4,122,0.16,159,0.47,119,1.46,52,0.18,145,2.39,11,40.03,21,22.15,81,18.32,242,16.55,292,24.96,61,18.02,223,33.4,235,22.71,254,12.22,263,11.45,141,20.21,4,26.73,145,21.12,272,18.92,164,17.24,122,15.98,82
2017,"Hampton",76.02,275,0.04,152,-0.87,275,-1.17,301,-1.43,305,-0.32,215,-0.42,222,1.26,303,40.58,14,18.28,185,16.51,297,15.65,312,21.08,158,28.42,11,35.48,200,34.36,60,10,312,9.78,199,10.29,80,23.38,262,27.84,72,18.37,194,15.86,170,14.49,134
2017,"Hartford",75.96,288,-0.1,171,0.44,115,-0.3,199,-1.97,337,-2.13,319,0.17,146,1.51,247,33.45,132,18.22,189,13.16,349,22.84,79,26.55,32,19.18,181,49.98,19,22.59,255,12.76,241,8.67,223,5.91,261,29.37,80,22.91,219,18.35,195,16.01,165,13.29,201
2017,"Harvard",76.79,166,0.38,126,0.99,65,0.39,125,-1.14,291,-0.54,232,0.69,91,1.02,333,33.48,131,18.78,171,25.38,38,15.85,308,21.57,140,18.37,205,45.48,43,29.25,139,10.83,291,7.84,249,6.52,235,31.03,50,24.36,172,19.23,155,14.18,251,11.12,300
2017,"Hawaii",76.55,201,-0.44,211,0.84,76,1.04,66,-0.29,214,-2.28,323,0.2,140,1.18,314,30.05,220,24.03,39,18.27,245,26.07,25,17.28,277,14.31,315,44.35,53,20.18,284,14.97,187,11.88,128,8.57,136,23.32,265,21.4,270,25.79,15,17.69,107,11.74,280
2017,"High Point",75.42,330,-2.24,347,-1.4,319,-0.95,280,-0.93,277,-1.22,283,-1.82,340,1.78,150,34.04,119,18.92,166,27.19,17,24.68,41,14.33,329,14.85,302,39.1,138,41.9,11,12.1,266,4.21,342,2.63,349,28.78,98,29.52,40,18.14,207,11.35,329,12.18,258
2017,"Hofstra",75.75,306,-0.17,181,-1.64,327,-1.51,318,-1.39,302,-0.38,223,-0.91,278,1.87,116,25.39,311,16.97,243,14.46,340,19.67,169,26.58,31,22.32,105,52.51,11,25.9,211,9.98,313,6.7,296,4.91,304,45.13,1,17.09,336,11.21,347,14.8,226,11.77,277
2017,"Holy Cross",76.2,252,-0.05,167,-0.14,200,1.28,43,-1.54,312,-2.39,329,-0.1,182,2.21,30,20.42,347,20.67,114,23.6,77,24.26,48,18.83,221,12.57,336,24.29,339,23.47,243,14.43,199,17.91,32,19.84,6,24.01,244,23.5,202,20.63,103,15.59,187,16.2,72
2017,"Houston",76.81,163,1.04,72,0.01,178,-0.64,249,-0.82,260,0.63,130,0.53,103,2.16,41,29.15,239,13.43,325,19.56,198,23.33,68,28.78,13,14.86,301,36.42,185,29.59,131,15.19,179,12.6,117,6.12,251,17.44,346,25.7,129,25.46,17,15.31,202,16.02,80
2017,"Houston Baptist",77.03,140,0.96,86,0.2,141,-0.55,238,-0.1,196,0.81,109,0.58,100,2.08,55,32.04,180,21.28,102,23.07,91,20.51,144,19.45,206,15.66,285,32.58,248,11.53,349,13.86,212,29.6,3,12.39,40,26.29,161,16.56,342,15.84,298,27.02,5,14.26,145
2017,"Howard",77.72,54,0.56,112,-0.68,256,0.28,133,1.56,34,3.03,6,-0.06,175,2.23,27,31.56,192,14.62,304,18.55,235,25.18,33,13.68,339,27.94,16,36.67,180,21.27,272,13.1,234,17.23,37,11.69,48,26.33,159,27.55,80,15.47,308,20.26,43,10.36,326
2017,"IUPUI",75.86,297,-0.83,241,-0.38,224,-1,285,-1.11,289,-1.25,285,-0.6,244,2.17,36,32.43,166,21.39,97,20.07,171,16.69,284,24.31,80,17.53,237,24.13,340,36.64,40,24.61,39,7.15,276,7.39,187,31.4,46,26.47,112,18.88,169,11.64,321,11.56,286
2017,"Idaho",77.1,129,-0.87,245,0.14,161,0.84,86,0.33,133,1.19,72,-0.36,216,1.74,164,37.8,48,16.77,248,23.3,87,21.89,98,23.55,93,14.41,310,30.82,273,31.94,88,17.91,119,13.57,93,5.69,268,24.3,232,27.23,89,17.39,237,17.62,111,13.38,198
2017,"Idaho St.",76.23,248,2.19,18,-0.18,204,-1.72,328,-1.7,318,-1.29,287,1,61,1.46,263,29.04,240,18.34,182,16.59,295,18.13,235,22.78,109,24.13,60,35.4,202,14.52,335,18.79,105,17.58,35,13.66,28,28.28,110,18.56,314,18.56,187,19.91,51,14.65,130
2017,"Illinois",77.58,73,1.26,53,1.03,60,1.16,59,0.09,177,0.53,135,1.15,53,1.93,99,36.97,61,19.96,128,21.76,125,26.51,19,15.37,316,16.35,267,36.72,179,37.11,35,15.3,177,5.77,316,5.01,298,21.01,313,28.39,61,20.86,95,13.61,264,16.08,77
2017,"Illinois Chicago",76.95,147,-0.29,193,1.19,51,0.24,150,-0.03,184,-0.19,199,0.45,112,0.67,351,37.37,53,19.1,161,16.07,309,21.47,106,20.96,162,22.4,102,31.7,261,36.49,42,10.34,306,9.5,207,11.96,45,22.74,283,22.53,234,20.32,116,17.87,103,16.54,60
2017,"Illinois St.",77.19,117,0.84,91,0.81,80,1.12,61,-0.16,204,-0.54,232,0.83,75,1.93,98,33.11,144,17.33,225,28.51,6,17.3,264,13.84,338,22.95,86,40.05,117,25.74,213,24.56,40,4.86,335,4.72,310,26.39,156,26.95,97,17.94,217,12.74,295,15.92,84
2017,"Incarnate Word",76.18,254,-0.61,225,-1.25,306,-0.34,203,0.21,144,-0.97,266,-0.93,281,1.51,248,25.83,306,14.16,311,24.89,43,17.88,243,19.07,214,23.96,65,44.01,55,22.04,261,12.72,242,11.71,132,9.45,106,21.02,312,23.97,188,23.24,49,15.42,195,16.3,67
2017,"Indiana",77.33,104,1.04,72,0.45,113,-0.13,182,0.4,127,1.07,85,0.75,87,1.26,305,34.6,108,22.66,67,19.25,213,18.48,217,21.26,153,18.35,207,35.62,197,35.62,50,13.42,226,7.35,267,7.99,161,22.51,287,24.62,161,17.56,234,19.2,66,16.1,74
2017,"Indiana St.",75.93,292,-0.35,200,-0.26,211,-1.22,303,-1.82,326,-0.56,245,-0.31,208,1.91,105,36.44,74,18.29,184,20.15,164,17.26,266,25.97,40,18.3,211,30.59,276,29.58,132,9.69,317,12.31,122,17.79,7,21.64,301,19.03,310,15.57,306,23.15,14,20.57,11
2017,"Iona",76.03,271,-0.5,216,-0.77,261,-0.42,219,-1.01,280,-1,268,-0.63,251,1.93,94,32.96,151,26.94,18,18.06,252,18.41,219,19.7,201,16.89,254,53.49,8,13.78,341,8.37,330,12.13,126,12.19,43,34.75,15,19.53,302,16.18,286,17.56,113,11.96,267
2017,"Iowa",77.82,44,0.03,163,0.67,94,1.74,19,2.26,13,0.53,136,0.35,120,0.9,345,41.03,11,19.71,138,19.13,218,25.1,36,18.11,252,17.88,226,27.92,318,38.8,25,21.36,74,7.83,250,4,331,25.08,208,22.65,229,25.28,19,15.92,168,10.99,308
2017,"Iowa St.",76.81,162,-1.06,282,-1.8,332,0.16,158,0.88,89,2.04,25,-1.43,327,2.53,6,28.34,257,13.98,314,20.51,156,20.92,131,23,106,21.55,118,42.69,74,22.04,260,11.81,278,12.71,116,10.69,67,20.95,315,26.96,96,19.23,154,18.95,73,13.87,169
2017,"Jackson St.",75.96,287,-0.52,218,-0.06,190,-0.94,278,-0.13,199,-2.4,330,-0.29,203,2.31,21,29.26,233,17.73,207,17.07,283,19.99,162,20.73,171,24.47,53,33.73,228,30.52,114,17.01,139,11.23,149,7.5,182,29.3,82,24.18,180,19.65,135,14.81,224,12.06,261
2017,"Jacksonville",76.32,238,-1.4,314,0.2,141,1.36,40,1.15,68,-3.55,342,-0.6,243,2.7,2,38.82,33,16.4,260,23.34,84,17,280,18.17,247,25.06,40,16.38,348,19.87,287,28.27,14,18.59,28,16.8,8,20.43,321,17.86,321,21.89,66,21.08,27,18.68,21
2017,"Jacksonville St.",76.71,173,1.86,27,-0.34,221,-1.07,292,-0.82,260,0.07,183,0.76,86,1.78,151,24.6,324,22.63,68,17.55,271,17.72,254,21.58,139,20.51,148,30.74,275,39.49,20,18.05,116,5.69,319,6,253,32.29,27,29.37,43,17.02,249,9.53,349,11.76,278
2017,"James Madison",77.96,33,-0.11,173,0.58,101,1.99,11,3,5,0.51,137,0.24,135,2.58,4,34.24,112,22.68,66,22.42,102,23.61,60,15.83,310,15.42,288,30.01,290,23.44,244,11.89,276,27.29,5,7.35,188,27.29,138,22.07,248,18.89,168,19.05,71,12.66,237
2017,"Kansas",77.17,122,0.97,81,1.2,45,1.71,20,-0.47,231,-1.4,293,1.09,56,1.81,136,24.04,327,15.89,280,19.61,195,19.64,171,17.65,266,27.16,20,46.86,33,17.27,313,22.62,57,6.58,299,6.61,229,31.44,45,17.69,326,21.87,67,12.91,289,16.05,78
2017,"Kansas St.",77.43,92,0.97,84,1.39,36,0.91,79,0.18,150,-0.16,198,1.18,50,1.61,217,24.95,317,18.86,169,23.6,76,20.85,135,17.15,280,19.49,172,30.55,278,31.16,102,19.98,89,11.75,129,6.48,239,20.78,317,26.73,102,23.29,47,17.13,124,12.01,263
2017,"Kennesaw St.",77.54,77,0.39,123,0.36,127,1.04,67,1.44,37,0.65,126,0.37,117,1.61,216,32.68,162,11.99,340,19.74,188,21.06,123,20.74,169,26.47,24,24.6,336,38.33,29,16.1,160,10.61,167,10.36,76,25.87,180,38.1,1,11.23,346,11.04,336,13.77,174
2017,"Kent St.",76.15,258,0.56,111,-0.52,241,-1.83,337,-1.17,295,-0.14,197,0.02,162,1.62,209,33.87,124,22.48,73,19.06,220,21.32,113,19.41,207,17.73,236,36.75,178,26.16,206,17.79,123,10.17,181,9.13,116,30.28,61,23.66,195,20.68,101,13.12,284,12.25,251
2017,"Kentucky",77.43,89,1.44,42,2.2,11,-1.49,316,0.18,150,0.98,90,1.82,23,0.96,340,29.82,227,19.13,160,13.76,346,24.8,39,21.96,132,20.34,159,43.27,66,25.04,225,10.35,305,13.6,92,7.7,168,25.87,179,29.97,29,17.36,239,17.26,119,9.52,341
2017,"LIU Brooklyn",75.25,337,-1.55,323,0.1,164,-1.84,338,-2.76,345,-1.54,299,-0.73,260,1.5,249,28.16,261,16.82,246,27.2,16,19.6,174,18.56,235,17.8,232,39.06,141,26.74,196,24.88,36,6.83,286,2.43,350,28.68,102,32.16,14,15.65,304,13.48,267,10,332
2017,"LSU",77.76,50,1.39,45,0.74,87,-0.06,174,1.18,51,1.72,41,1.06,57,1.01,337,33.35,135,20.35,121,20.06,172,17.59,258,22.58,115,19.36,176,37.87,164,30.8,109,9.93,314,10.97,159,10.36,75,25.21,200,24.58,165,14.72,320,15.74,174,19.71,15
2017,"La Salle",76.75,170,0.15,144,-0.16,202,0.64,107,-0.05,188,-0.66,248,0,166,2.05,63,29.38,232,18.27,186,24.57,50,21.93,94,16,306,19.23,180,43.99,57,19.68,288,11.86,277,15.91,56,8.57,137,26.43,153,22.58,232,17.4,236,13.8,258,19.8,14
2017,"Lafayette",77.17,124,-0.96,254,0.26,137,1.38,39,2.06,20,-0.76,257,-0.35,213,1.19,313,33.94,120,27.51,13,19.32,208,13.51,341,16.07,304,23.58,68,38.96,146,26.34,203,14.29,203,12.26,123,8.12,154,28.06,119,25,156,18.71,179,16.89,129,11.31,292
2017,"Lamar",75.38,334,-1.14,286,-1.44,320,-1.04,290,-1.91,332,-1.41,296,-1.29,318,1.83,130,37.35,55,19.02,163,18.81,225,21.17,119,18.67,230,22.29,106,32.38,251,30.6,112,29,10,3.05,350,4.92,303,25.12,206,23.2,209,27.41,7,13.22,281,11.01,306
2017,"Lehigh",76.45,217,0.65,104,-0.19,205,-0.5,231,-0.4,226,-1.17,281,0.23,138,1.73,170,28.83,244,31.34,3,13.78,345,21.15,120,18.48,238,15.26,292,36.19,188,27.31,178,14.51,196,11.06,153,10.93,62,39.09,2,20.55,285,13.5,340,14.69,232,12.17,259
2017,"Liberty",75.58,321,-2.58,349,-2.18,344,-1.12,298,-0.54,235,0.49,140,-2.38,348,1.29,293,30.55,211,21.99,83,19.41,203,23.67,59,18.34,241,16.57,261,51.17,16,12.3,348,13.68,214,9.02,214,13.76,27,23.25,269,18,319,16.09,287,24.75,8,17.9,38
2017,"Lipscomb",76.24,247,-0.16,178,-1.06,291,0.28,133,0.09,176,-1.82,310,-0.61,248,1.44,268,35.68,88,17.06,240,18.4,240,28.89,6,17.04,287,18.54,199,38.02,163,21.46,268,18.49,108,16.03,55,5.91,259,30.34,60,18.31,317,19.57,143,18.25,89,13.48,193
2017,"Little Rock",76.23,250,1.05,70,-1.19,303,0.05,166,-1.33,299,-1.29,288,-0.07,176,2.42,10,33.01,150,17.56,215,20.72,147,17.72,253,21.31,150,22.68,93,40.19,114,17.95,311,24.46,43,10.22,176,7.15,199,25.21,199,22.79,224,21.41,76,15.85,171,14.72,127
2017,"Long Beach St.",74.47,349,-1.38,312,-0.57,243,-1.77,336,-3.26,348,-4.54,348,-0.97,288,1.35,281,39.28,28,19.17,158,19.85,180,18.6,214,21.98,130,20.39,158,38.91,150,35.65,48,10.45,302,7.47,263,7.5,183,24.32,229,30.32,25,15.99,290,16.81,133,12.54,242
2017,"Longwood",76.45,216,-1.31,306,-1.19,305,-0.42,217,0.42,125,0.89,98,-1.25,307,1.68,190,23.46,330,17.45,220,23.67,72,17.29,265,23.28,101,18.31,209,20.91,347,31.1,103,20.88,77,14.05,85,13.06,36,23.44,257,25.01,155,16.86,260,18.42,85,16.27,69
2017,"Louisiana Lafayette",76,278,-1.83,339,-0.89,276,-0.78,274,-0.58,237,0.23,172,-1.36,321,1.53,243,23.13,337,21.47,96,17.82,265,17.62,257,20.79,166,22.25,108,29.99,291,38.5,28,18.19,113,7.45,264,5.81,266,24.23,234,33.59,8,17.76,224,15.02,212,9.36,343
2017,"Louisiana Monroe",75.77,305,-0.44,212,-0.8,265,-0.54,236,-1.68,317,-1.54,299,-0.62,249,1.9,107,28.98,243,15.74,286,23.97,66,21.49,105,22.61,114,16.19,271,28.32,309,26.92,194,22.25,60,19.18,23,3.33,342,20.44,320,30.01,27,18.91,166,18.03,98,12.62,240
2017,"Louisiana Tech",77.6,70,1.35,50,1.2,45,1.91,14,0.4,128,-0.73,254,1.27,44,1.31,289,30.65,209,17.68,210,20.14,165,26.54,18,19.51,205,16.09,272,39.7,126,19.6,290,15.41,174,14.57,75,10.67,68,24.57,221,27.06,93,24.41,30,12.69,297,11.21,295
2017,"Louisville",78.3,16,1.9,25,2.51,7,1.96,13,0.21,146,1.07,84,2.2,11,1.59,223,36.51,71,16.23,266,20.09,169,21.13,121,21.85,134,20.69,140,31.51,266,40.64,15,9.35,319,11.52,138,6.97,212,26.09,172,25.06,149,19.64,138,17.91,102,11.3,293
2017,"Loyola Chicago",76.08,266,-1.98,343,-1.93,340,-0.72,256,0.43,124,0.73,119,-1.96,342,1.73,171,24.69,319,18.76,172,26.22,27,19.14,195,17.23,279,18.58,197,38.16,161,29.43,137,10.88,290,9.92,194,11.53,51,27.92,124,20.8,280,21.08,85,17.43,116,12.69,236
2017,"Loyola MD",76,279,-1.42,316,-0.8,265,-0.2,188,-0.28,213,-1.15,279,-1.11,304,1.53,242,32.28,171,20.33,122,22.95,93,16.01,304,16.36,300,24.36,54,39.88,120,21.31,271,19.36,101,13,107,6.45,241,28.17,117,22.32,242,18.01,213,14.47,240,17.03,49
2017,"Loyola Marymount",77.36,102,1.86,26,0.16,158,1.26,52,0.79,95,-1.1,275,1.01,60,2.26,23,37.91,44,21.37,99,20.03,173,22.22,88,13.54,340,22.84,89,37.24,171,20.99,276,13.62,216,14.39,79,13.76,26,24.48,222,23.02,216,18.88,170,20.72,32,12.9,225
2017,"Maine",75.68,312,-1.45,317,0.07,168,-1.52,321,-1.58,314,-0.97,265,-0.69,254,1.01,335,39.9,23,17.14,238,22.88,94,22.95,78,24,84,13.04,332,33.87,226,27.06,187,16.23,154,10.28,175,12.55,39,26.17,168,26.11,118,18.24,198,14.27,247,15.21,108
2017,"Manhattan",75.96,286,2.27,17,1.63,26,-2.48,348,-2.82,346,-2.65,336,1.95,20,1.63,208,36.98,59,17.24,231,25.52,37,22.19,90,10,351,25.02,41,39.12,137,24.29,233,23.42,51,5.56,324,7.57,180,30.23,62,26.68,104,19.62,140,11.3,330,12.12,260
2017,"Marist",76.38,231,-0.8,240,-1.28,309,-0.5,229,-0.59,240,1.2,71,-1.04,296,1.46,265,32.76,159,15.45,295,16.28,305,18.29,227,24.34,78,25.61,33,49.58,20,7.51,351,16.96,143,18.79,26,7.12,202,26.1,171,15.67,345,18.92,165,26.28,7,12.98,223
2017,"Marquette",76.59,196,1.36,49,-0.8,265,0.47,116,0.16,171,-2.06,317,0.28,130,1.67,192,38.01,42,17.56,214,18.26,246,20.13,155,15.99,307,28.04,15,52.92,10,16.68,321,14.9,189,9.54,206,5.92,258,22.82,280,19.89,297,23.38,46,19.46,59,14.43,139
2017,"Marshall",76.46,212,-1.15,290,-1.88,338,-1,284,0.18,150,2.33,20,-1.51,330,2.14,44,29.02,241,16.69,250,19.25,214,17,279,22.39,119,24.64,48,38.27,159,31.33,97,7.7,337,13.98,87,8.68,131,28.64,103,30.32,24,9.45,351,15.72,179,15.83,87
2017,"Maryland",77.29,106,1.4,44,0.41,121,1.98,12,-0.22,210,-0.96,264,0.9,65,1.17,315,32.03,182,19.53,145,18.15,248,17.59,259,26.93,25,17.8,231,44.17,54,23.9,237,14.63,194,6.17,310,11.13,60,19.82,330,20.17,292,24.34,31,18,100,17.66,44
2017,"Maryland Eastern Shore",76.3,240,-1.57,325,-0.58,245,-0.27,197,-0.05,189,0.14,180,-1.08,301,2.09,53,32.38,167,19.75,136,28.23,8,15.06,328,17.92,256,19.05,183,36.97,173,22.21,258,25.05,32,7.6,259,8.17,151,17.28,348,29,49,26.35,13,15.88,169,11.49,288
2017,"Massachusetts",77.52,81,1.28,52,1.24,43,0.67,102,0.89,87,-0.34,220,1.26,46,1,339,37.95,43,22.89,60,15.06,329,18.15,234,23.28,100,20.59,145,46.24,36,27.25,182,10.56,298,8.04,242,7.88,164,29.72,73,25.52,134,18.72,177,15.73,176,10.28,328
2017,"McNeese St.",76.08,265,-1.36,311,-0.18,203,-1.08,293,-0.82,259,0.01,188,-0.77,265,1.57,228,34.76,104,14.48,306,19.93,175,23.83,53,19.73,198,22.03,111,34.25,221,36.78,38,16.18,156,4.83,336,7.96,162,20.16,323,35.86,3,20.84,98,10.49,344,12.64,238
2017,"Memphis",77.65,60,0.37,128,0.84,77,1.18,58,0.92,85,1.08,83,0.6,96,1.37,280,22.2,342,28.01,11,17.85,261,20.5,145,17.15,281,16.42,264,31.94,258,27.26,180,20.3,86,10.99,158,9.43,107,31.74,38,21.91,257,22.55,58,11.76,319,11.96,268
2017,"Mercer",76.7,174,1.05,69,1.01,64,1.11,62,-1.74,321,-1.77,308,1.03,59,1.94,91,29.71,231,16.14,269,18.74,230,16.6,291,23.36,99,25.16,39,36.14,189,15.66,330,31.17,4,7.85,248,9.19,114,24.31,231,14.89,348,29.1,2,17.71,105,13.99,161
2017,"Miami FL",78.11,26,0.95,87,0.68,91,1.43,32,1.88,25,1.74,40,0.82,76,1.46,262,24.71,318,17.77,205,14.52,335,23.03,76,21.26,154,23.36,75,40.1,116,24.54,230,11.04,286,17.12,39,7.13,201,21.09,309,24.05,181,19.31,151,20.74,31,14.75,125
2017,"Miami OH",77.31,105,-0.34,198,-0.42,230,0.28,133,1.29,44,1.86,33,-0.38,220,1.08,325,35.22,95,21.01,105,15.03,331,18.71,210,17.13,284,28.05,14,29.67,297,19.44,291,30.21,6,10.41,173,10.19,84,27.58,133,20.96,276,21.1,84,11.71,320,18.57,23
2017,"Michigan",78.15,23,1.65,36,2.28,9,1.7,21,1.06,77,0.24,169,1.96,19,1.99,80,23.19,335,23.88,43,18.87,224,19.72,167,17.02,288,20.51,147,35.45,201,31.01,105,10.96,288,14.18,82,8.4,145,23.74,252,19.19,308,20.13,121,15.31,201,21.62,3
2017,"Michigan St.",75.95,289,-1.47,319,-1.08,292,-0.24,195,0.39,129,-1.68,304,-1.27,310,1.12,323,44.97,1,34.26,1,14.52,336,18.35,222,20.14,186,12.7,334,43.39,63,27.43,170,15.51,172,10.94,160,2.68,348,31.35,49,24.98,157,15.68,303,13.22,280,14.76,124
2017,"Middle Tennessee",76.84,160,-0.34,197,1.09,54,-0.39,210,-0.82,260,0.81,108,0.38,116,2.11,50,29.17,238,26.92,19,24.27,58,15.34,320,15.98,308,17.49,240,39.14,135,30,126,14.8,192,7.29,269,8.77,125,28.82,97,23.24,208,10.89,349,17.65,109,19.39,18
2017,"Milwaukee",75.6,319,-1.17,293,-2.05,341,-1.12,297,-0.87,274,-0.67,249,-1.61,334,1.2,312,34.07,118,22.32,76,23.62,75,20.92,132,14.26,330,18.82,192,58.91,1,9.44,350,14.34,202,9.95,193,7.3,191,23.26,267,22.65,230,22.72,57,16.51,146,14.8,122
2017,"Minnesota",78.27,20,1.06,68,1.49,32,1.46,29,1.75,27,1.74,39,1.27,45,1.27,300,29.21,237,16.24,265,18.51,236,20.2,153,21.46,146,23.55,69,38.99,145,16.59,322,29.26,9,6.58,300,8.52,141,27.64,132,18.45,315,27.97,5,12.2,307,13.7,177
2017,"Mississippi",77.19,116,-0.29,194,0.2,141,-0.17,186,0.88,88,1.46,52,-0.05,172,1.94,92,33.09,145,20.7,112,11.01,351,16.39,296,26.42,35,25.44,37,37.5,168,30.97,106,10.53,299,15.31,65,5.62,273,36.19,8,20.97,275,12.61,343,19.76,55,10.41,325
2017,"Mississippi St.",76.9,155,1.04,72,0.66,95,-0.23,192,0.33,135,-1.17,280,0.85,70,0.7,350,35.98,78,17.68,209,17.27,277,19.47,181,27.1,23,18.42,203,40.88,102,22.32,256,14.1,207,16.77,43,5.84,264,29.25,84,25.13,146,14.48,326,17.53,114,13.53,189
2017,"Mississippi Valley St.",75.05,341,-2.89,351,-2.8,346,-0.72,256,-0.14,201,-2.06,316,-2.84,351,2.32,20,43.37,3,11.66,345,19.3,210,23.57,62,30.75,5,14.7,307,28.47,308,36.12,45,12.6,248,16.17,51,6.61,228,24.17,237,24.45,170,16.75,268,20.59,35,14,160
2017,"Missouri",76.5,209,-0.71,231,0.2,141,-0.3,200,0.14,173,-0.69,252,-0.25,199,1.06,327,37.53,50,18.23,188,23.83,69,19.26,191,18.17,246,20.5,149,38.49,154,27.24,183,12.54,251,17.59,34,4.13,327,19.47,335,24.28,175,18.52,190,16.94,126,20.79,8
2017,"Missouri St.",76.15,257,0.13,146,-0.05,187,0,170,-0.65,245,-2.54,331,0.04,159,1.92,100,33.3,138,23.23,54,15.36,321,19.48,179,21.5,145,20.41,156,41.87,82,30.07,124,12.43,256,8.98,216,6.61,230,35.95,10,21.8,260,19.13,157,12.19,310,10.91,310
2017,"Monmouth",76.05,269,1.14,61,0.52,104,-0.63,246,-0.95,279,-3.67,343,0.83,74,2.21,29,37.31,57,17.12,239,18.07,251,23.28,70,14.1,333,27.4,19,43.42,62,22.24,257,9.7,316,15.82,57,8.75,127,28.61,104,19.14,309,16.33,282,19.96,49,15.91,85
2017,"Montana",75.66,313,-1.27,303,-0.94,281,-0.53,233,-1.41,304,-1.4,294,-1.11,303,1.68,191,36.54,70,17.41,221,16.96,285,16.64,288,26.42,34,22.55,99,38.94,147,17.12,316,14.19,205,21.19,18,8.53,139,25.25,198,24.52,168,18.56,185,18.78,78,12.86,229
2017,"Montana St.",76.83,161,-1.15,288,-0.8,265,0.34,129,1.15,67,0.74,117,-0.98,289,1.27,299,31.66,190,13.23,326,18.22,247,27.39,12,22.84,107,18.29,212,38.79,152,14.18,339,7.78,335,24.11,7,15.12,16,22.75,282,14.61,349,21.38,78,24.35,10,16.88,51
2017,"Morehead St.",76.02,274,-1.83,338,-1.4,318,-0.64,248,-0.34,218,0.46,141,-1.61,335,2.24,26,29.97,224,23.49,49,20.09,170,14.33,335,21.09,156,20.95,134,32.75,244,41.73,12,12.72,243,5.18,332,7.55,181,31.88,33,24.34,173,16.53,277,14.68,233,12.5,244
2017,"Morgan St.",77.05,138,0.08,149,0.2,141,1.67,24,0.44,122,-0.98,267,0.14,150,1.47,258,35.91,82,9.48,351,20.63,151,30.97,2,25.31,49,13.56,326,31.96,257,16.87,319,26.4,25,15.23,67,9.49,104,23.38,261,22.67,228,26.72,10,15.39,196,11.8,276
2017,"Mount St. Mary's",74.94,345,-0.15,177,-0.24,209,-0.28,198,-1.96,336,-6.53,351,-0.2,191,1.47,260,25,316,16.68,252,16.84,289,20.12,156,21.52,142,24.79,47,47.44,32,27.41,172,10.89,289,9.54,205,4.64,313,27.5,135,19.97,296,17.65,231,24.25,11,10.59,319
2017,"Murray St.",76.24,245,-0.96,254,0.87,75,-0.21,190,-1.82,324,-0.54,232,-0.05,173,1.98,85,27.31,286,11.2,349,24.43,52,16.36,298,17.85,259,30.12,8,32.27,254,33.24,73,21.6,70,9.75,200,3.06,344,18.01,342,29.59,38,21.01,88,14.93,216,16.4,63
2017,"NJIT",76.45,214,0.56,110,-1.3,311,-0.45,223,0.33,136,-0.73,255,-0.37,217,1.8,145,35.52,92,18.34,181,24.1,63,19.3,190,14.77,326,23.43,73,41.75,85,24.08,236,13.53,220,15.46,61,5.09,294,30.63,57,27.83,74,19.32,150,13.41,271,8.74,349
2017,"Navy",76.47,211,-0.79,239,0.05,173,-0.52,232,0.18,148,-0.4,227,-0.37,219,1.73,167,36.19,76,19.09,162,19.59,196,21.44,107,21.78,137,18.03,222,33.19,237,32.89,77,15.15,181,11.71,131,6.99,210,17.97,343,29.38,42,20.76,100,16.78,136,15.04,115
2017,"Nebraska",77.66,59,0.56,109,1.03,61,1.39,37,1.34,40,0.1,181,0.8,80,1.32,288,32.05,178,16.43,259,17.17,280,18.19,232,25.69,43,22.48,101,41.94,81,13.77,342,26.81,18,10.22,177,7.21,195,25.97,176,17.33,333,23.5,44,19.24,63,13.92,167
2017,"Nebraska Omaha",76.68,178,-0.16,179,0.35,129,-0.42,220,-0.57,236,0.35,162,0.09,155,1.81,139,28.62,251,15.73,287,21.89,121,17.65,256,19.12,213,25.56,35,34.91,208,27.6,165,17.7,127,10.87,162,8.86,121,21.27,304,29.64,36,16.76,267,19.07,69,13.23,208
2017,"Nevada",77.5,84,-1.16,292,0.2,141,1.36,41,1.41,38,1.85,34,-0.48,230,1.64,199,18.02,350,23.76,47,20.65,150,19.35,188,12.07,348,24.17,58,23.35,343,40.27,16,17.73,125,14.05,86,4.59,315,31.87,35,24.76,159,16,289,16.9,128,10.45,324
2017,"New Hampshire",75.7,310,-0.58,223,-0.81,273,-0.72,256,-1.99,339,-1.23,284,-0.7,256,1.99,79,20.15,348,18.2,191,26.74,22,20.69,139,20.25,180,14.06,320,40.22,113,28.94,143,16.02,162,8.08,239,6.66,226,36.91,6,21.47,268,19.64,136,13.11,285,8.77,348
2017,"New Mexico",77.92,37,1.98,23,0.78,83,1.68,23,1.23,48,0.09,182,1.38,36,1.59,220,41.35,10,17.22,233,22.12,113,17.8,250,28.96,11,13.84,324,44.66,51,25.5,216,14.99,186,10.42,171,4.35,321,20.84,316,20.2,291,20.37,113,24.07,12,14.45,135
2017,"New Mexico St.",76.63,191,0.21,140,-0.37,223,-0.23,193,0.16,172,-0.47,230,-0.08,180,1.78,152,33.14,143,12.91,331,20.74,145,18.97,201,23.79,88,23.54,70,21.01,346,41.18,14,26.77,19,6.78,289,4.17,324,17.08,349,29.21,46,24.59,27,12.71,296,16.33,66
2017,"New Orleans",75.94,291,0.04,152,0.16,159,-0.03,172,-0.48,233,-3.85,346,0.1,154,2.58,5,28,268,14.05,313,18.81,226,26.85,17,19.84,195,20.41,157,24.78,334,28.43,152,24.98,35,14.83,72,6.94,214,24.96,211,26.03,121,23.95,36,14.45,241,10.56,321
2017,"Niagara",75.82,302,-1.03,278,-0.39,226,-0.73,270,-1.2,297,-1.4,295,-0.71,257,1.38,278,28.01,266,16.27,263,15.9,315,25.85,26,20.95,163,20.99,131,34.74,210,32.88,78,20.32,85,8.71,220,3.26,343,24.11,239,25.51,136,24.62,26,12.14,312,13.55,188
2017,"Nicholls St.",75.83,301,1.02,78,-2.16,343,-1.52,319,-1.52,310,-0.54,232,-0.57,240,2.63,3,23.8,329,12.76,334,18.39,241,27.3,13,20.93,164,20.59,146,40.88,103,12.68,347,25.33,29,17.09,40,3.93,334,25.09,207,18.77,312,22.79,56,16.41,151,16.87,52
2017,"Norfolk St.",76.68,179,1.1,63,-0.49,236,-0.72,256,0.75,97,-1.1,274,0.31,126,2.16,40,33.17,141,15.74,285,16.06,311,23.84,52,23.91,85,20.45,152,36.81,177,27.02,190,13.45,224,18.15,30,4.58,316,23.01,274,26.88,98,18.96,162,17.71,106,13.44,194
2017,"North Carolina",77.94,35,1.36,48,1.75,20,2.68,6,0.33,134,-0.28,210,1.56,28,1.91,103,36.58,69,23.48,50,22.47,100,22.66,82,11.42,349,19.97,164,46.15,37,25.46,218,14.23,204,10.21,178,3.95,333,31.72,39,22.7,225,16.88,256,15.72,177,12.99,222
2017,"North Carolina A&T",76.2,251,-0.73,234,-0.39,227,-1.53,322,-0.82,260,0.63,129,-0.56,235,1.83,133,37.48,51,16.47,258,22.17,111,20.48,147,22.65,113,18.22,213,42.24,78,25.14,223,17.2,133,8.07,240,7.3,190,24.03,243,30.62,21,19.59,142,10.72,342,15.03,116
2017,"North Carolina Central",75.77,303,-1.63,328,-1.38,316,0.17,153,-1.62,316,-0.54,232,-1.5,328,2.91,1,27.56,282,13.72,319,21.31,133,28.1,10,16.05,305,20.76,139,45.55,42,27.31,176,14.05,208,6.75,292,6.26,245,23.82,249,25.61,131,25.31,18,12.68,298,12.5,243
2017,"North Carolina St.",77.8,45,0.61,106,0.77,84,0.81,89,1.46,35,1.5,49,0.69,89,1.15,318,29.78,228,16.07,272,19.38,205,21.02,125,24.55,69,18.93,189,34.23,223,28.42,153,15.51,173,10.59,168,11.19,58,26.69,147,23.15,212,21.52,73,14.78,228,13.81,172
2017,"North Dakota",76.54,204,0.27,135,-0.7,258,-0.72,256,0.29,141,-0.31,214,-0.21,193,1.83,128,26,302,16.82,247,17.3,275,17.85,244,21.28,151,26.74,23,30.04,289,36.61,41,11.54,280,11.06,154,10.73,64,29.37,81,17.55,329,18.55,188,16.71,140,17.8,39
2017,"North Dakota St.",77.49,86,-2.02,344,-0.8,265,1.28,43,2.43,11,2.68,7,-1.41,325,1.73,173,23.31,332,17.37,222,22.83,95,23.24,71,20.21,181,16.36,265,35.74,196,39.69,19,9.12,321,5.64,320,9.8,91,18.71,338,28.71,57,24.15,34,14.79,227,13.64,181
2017,"North Florida",77.44,87,0.7,96,0.32,132,0.9,80,1.63,32,-0.19,200,0.51,106,1.9,110,30.22,216,19.23,156,16.82,290,16.67,286,16.32,301,30.91,4,28.64,307,31.82,90,17.5,131,13.51,94,8.48,142,30.95,52,22.43,239,19.28,153,16.71,138,10.56,320
2017,"North Texas",77.2,113,0.72,94,0.2,141,0.5,115,-0.1,195,0.84,102,0.46,110,1.72,176,39.04,31,21,106,16.26,306,25.18,32,20.74,170,16.8,256,39.45,130,14.02,340,25.8,27,16.62,46,4.07,328,31.61,40,17.61,328,18.72,178,18.99,72,13.03,220
2017,"Northeastern",77.76,51,0.43,121,0.37,126,0.44,119,1.18,51,2.53,11,0.4,113,1.59,224,30.55,210,19.53,146,19.1,219,15.35,319,15.63,313,30.37,5,39.4,132,17.6,312,23.79,49,7.66,256,11.52,52,24.37,226,20.72,281,21.5,74,15.65,181,17.74,41
2017,"Northern Arizona",76.52,206,-1.21,296,0.2,141,0.8,91,0.48,117,-1.51,298,-0.5,232,1.43,270,34.3,110,17.88,202,26.06,30,16.55,293,17.95,255,21.5,121,33.72,229,44.85,5,13.27,232,4,345,4.05,329,22.76,281,27.08,92,17.93,218,19.07,68,13.08,218
2017,"Northern Colorado",75.86,299,-0.98,270,-1.57,323,-2.28,347,-0.82,260,1.09,81,-1.28,312,1.1,324,28,268,15.7,288,24.83,45,18.01,240,30.81,4,10.65,349,47.58,29,14.63,334,12.27,262,10.29,174,15.22,15,28.86,94,16.7,341,16.49,279,18.9,76,19.06,19
2017,"Northern Illinois",76.95,148,1.17,58,0.41,120,0.52,113,-0.65,246,-0.57,246,0.79,82,1.37,279,36.97,60,26.31,21,19.88,177,15.27,322,18.12,249,20.42,155,38.03,162,21.88,263,21.83,62,12.33,121,5.94,257,30.02,66,22.98,218,18.16,205,14.97,213,13.87,168
2017,"Northern Iowa",76.6,195,0.22,138,-0.42,232,0.04,168,0.08,178,-0.77,259,-0.1,183,1.86,120,28.78,246,24.66,33,16.32,303,25.15,34,17.77,263,16.08,274,51.65,13,20.11,285,11.98,272,11.26,147,4.96,301,22.08,295,22.43,238,26.55,11,16.17,159,12.75,234
2017,"Northern Kentucky",76.69,177,-1.96,342,-0.05,186,0.35,128,0.79,96,0.46,142,-1.01,294,1.3,291,30,221,18.25,187,24.4,53,12.75,344,20.06,188,24.48,51,11.91,351,29.51,134,22.88,56,27.78,4,7.81,165,17.4,347,31.43,16,17.32,241,20.58,36,13.18,213
2017,"Northwestern",77.84,42,-0.6,224,0.44,116,1.64,26,1.77,26,2.09,24,-0.08,181,1.7,183,27.36,285,16.69,251,19.62,194,15.33,321,24.34,79,23.98,64,41.21,93,23.58,240,21.82,63,7.94,245,5.37,283,23.4,259,22.51,236,24.66,24,17.49,115,11.87,274
2017,"Northwestern St.",76.03,272,-0.39,205,-1.12,298,-1.72,328,-0.72,252,0.23,171,-0.76,261,1.8,146,32.87,154,19.47,149,17.83,264,19.45,182,26.46,33,16.77,257,26.24,327,27.9,157,21.69,65,17.3,36,6.85,218,28.53,107,26.8,101,16.82,261,15.34,199,12.5,245
2017,"Notre Dame",77.4,97,-0.37,203,-0.1,195,1.23,54,1.68,31,0.72,120,-0.24,196,2.09,54,22.24,341,19.33,150,15.14,328,19.59,175,25.48,47,20.46,150,23.2,344,18.65,300,13.29,231,39.84,1,5.02,296,21.43,302,18.22,318,17.89,220,32.91,2,9.55,340
2017,"Oakland",76.53,205,-0.63,226,0.03,174,0.97,70,0.29,142,-1.88,312,-0.3,206,1.6,219,31.7,189,16.01,275,24.44,51,25.14,35,19.54,204,14.88,300,36.11,190,34.09,64,17.05,138,6.87,284,5.87,262,27.96,122,25.75,126,13.52,339,18.15,95,14.62,131
2017,"Ohio",77.42,93,-0.35,201,1.04,59,1.4,36,0.56,111,0.62,131,0.35,121,1.49,253,26.3,299,24.09,36,20.54,153,14.44,333,18.34,242,22.57,97,51.54,14,18.04,309,17.71,126,7.09,279,5.59,274,38.22,5,17.08,337,16.81,262,14.47,239,13.37,199
2017,"Ohio St.",77.71,55,1.7,34,0.92,71,0.42,122,0.65,102,0.98,91,1.31,41,1.69,186,26.33,297,21.8,88,19.84,182,19.31,189,22.57,116,16.45,263,45.11,46,16.35,323,9.9,315,21.68,14,6.9,215,34.71,16,18.33,316,14.78,319,18.95,74,13.19,210
2017,"Oklahoma",77.42,95,0.61,107,0.51,105,0.93,77,1.04,80,0.17,175,0.56,101,1.02,334,40.38,18,17.7,208,19.86,179,22.13,91,19.88,194,20.42,154,33.3,236,32.06,87,17.01,140,11.01,157,6.62,227,26.03,175,25.04,152,16.07,288,16.86,131,16,81
2017,"Oklahoma St.",76.35,234,0.26,136,0.14,160,0.94,74,-1.92,333,-1.54,299,0.2,141,1.54,238,34.14,115,13.47,324,15.06,330,25.73,29,26.73,30,18.96,186,38.9,151,21.9,262,24.65,38,7.69,254,6.8,219,22.47,290,21.64,264,27.49,6,16.09,162,12.23,253
2017,"Old Dominion",76.9,154,-0.85,243,0.2,141,0.91,78,-0.41,227,0.82,107,-0.33,209,1.71,177,30,221,25.71,26,17.97,257,20.53,142,14.39,328,21.33,123,29.55,300,38.57,27,19.54,95,7.07,280,5.22,290,23,276,26.35,114,24.91,21,12.07,314,13.61,184
2017,"Oral Roberts",76.68,180,-0.17,180,0.47,111,0.69,98,-0.77,255,-0.69,253,0.15,148,1.91,104,27.5,283,26.88,20,17.15,281,20.93,130,17.97,254,17.05,250,38.63,153,27.4,173,8.47,329,18.61,27,6.86,216,20.04,326,28.23,63,19.3,152,19.22,65,13.19,211
2017,"Oregon",77.43,91,1.06,67,1.26,41,-0.15,184,-0.34,219,1.46,52,1.16,52,1.78,153,28.8,245,21.17,104,23.65,73,25.74,28,12.75,345,16.66,260,37.68,167,31.91,89,12.38,259,8.31,232,9.66,99,29.51,77,24.21,177,14.33,329,13.39,273,18.51,26
2017,"Oregon St.",78.14,24,1.52,41,1.25,42,-0.55,239,1.18,51,3.46,3,1.39,35,0.76,348,27.98,271,21.92,85,20.67,149,11.71,348,24.52,70,21.18,128,42.56,75,29.46,136,8.95,324,14.06,84,4.97,300,28.21,113,30.71,19,15.07,314,14.83,220,11.19,297
2017,"Pacific",76.87,158,-0.09,169,-0.12,197,0.04,169,0.31,138,0.38,158,-0.1,185,1.89,113,39.11,30,17.24,232,25.09,40,23.75,55,21.38,149,12.53,337,36.6,182,36.66,39,13.05,237,7.25,273,6.4,242,27.45,136,29.98,28,14.52,325,15.81,172,12.21,254
2017,"Penn",76.06,268,-0.96,254,-1.08,294,-0.53,234,-0.58,238,-0.39,226,-1.02,295,1.32,287,36.46,72,23.38,52,17.85,262,21.27,116,19.71,200,17.79,234,33.6,232,16.11,325,23.7,50,17.88,33,8.71,129,27.73,129,17.44,330,20.67,102,21.76,21,12.4,248
2017,"Penn St.",77.18,118,0.38,127,-0.1,194,-0.02,171,0.18,150,1.63,47,0.14,149,1.01,336,30.13,217,17.98,199,24.16,61,17.74,252,19.14,212,20.95,132,45,48,21.65,266,16.65,147,10.16,182,6.51,237,31.6,41,19.73,299,14.63,322,20.09,47,13.93,166
2017,"Pepperdine",76.2,253,-0.26,190,-0.08,192,0.28,133,-0.74,254,-2.07,318,-0.17,188,1.88,115,33.07,147,15.99,276,20.02,174,28.95,5,18.76,226,16.28,268,31.36,267,31.32,98,12.93,240,14.16,83,10.23,83,22.48,289,27.06,94,19.19,156,17.28,118,13.98,162
2017,"Pittsburgh",79.03,3,0.04,152,1.36,38,3.03,2,3.77,1,3.13,5,0.7,88,2.33,17,21.28,346,27.34,14,18.56,234,21.99,93,22.26,123,9.86,350,27.4,320,37.02,36,12.98,239,15.44,62,7.16,197,26.25,162,28.08,66,19.62,141,16.28,156,9.77,336
2017,"Portland",76.39,227,1.75,32,0.68,93,-0.06,175,-1.93,334,-2.32,326,1.21,49,1.68,188,32.06,177,11.68,344,18.77,229,19.04,199,22.28,122,28.19,13,48.05,27,23,249,10.6,296,10.93,161,7.34,189,29.83,68,22.89,220,17.73,227,15.98,166,13.51,191
2017,"Portland St.",76.37,232,-1.41,315,-1.05,289,-0.72,256,-0.3,216,1.46,52,-1.23,306,2.3,22,26.93,292,23.76,46,21.29,136,21.23,117,16.6,294,17.04,251,34.24,222,32.49,80,16.16,157,10.78,163,6.23,247,28.74,100,24.56,166,18.94,163,12.94,288,14.74,126
2017,"Prairie View A&M",74.99,342,-1.34,308,-2.8,346,-1.52,320,-1.88,331,-1.37,291,-2.07,345,2.45,9,40.58,15,12.4,339,26.18,28,21.51,103,17.58,268,22.28,107,34.32,218,18.7,299,13.31,230,19.35,22,14.24,24,26.2,165,16.85,340,23.11,52,15.97,167,17.79,40
2017,"Presbyterian",75.72,308,-0.54,221,-1.33,313,-0.56,241,-0.3,215,-2.54,331,-0.94,282,1.57,230,38.47,37,17.33,226,24.23,60,16.62,290,20.92,165,20.84,137,32.44,250,40.05,18,12.99,238,7.39,265,7.06,205,26.64,148,25.54,133,17.76,225,13.44,270,16.56,58
2017,"Princeton",76.81,164,0.68,99,-1.8,332,-0.34,204,1.18,51,0.5,139,-0.56,236,2.03,65,25.68,308,14.72,302,24.81,46,20.32,151,17.01,289,23.07,82,34.71,211,27.9,158,18.04,117,12.97,110,6.28,243,20.11,324,20.61,284,18.65,180,22.51,18,18.05,34
2017,"Providence",77.63,64,-0.63,227,0.63,98,2.28,8,3.09,3,-1.06,270,0,165,1.39,277,27.8,273,19.3,152,20.68,148,23.5,64,18.11,251,18.35,206,26.92,324,22.92,253,27.93,15,14.24,81,7.9,163,23.07,272,21.95,254,21.06,86,18.36,87,15.49,99
2017,"Purdue",77,144,2.48,12,1.5,30,0.16,160,-1.03,284,-1.97,314,1.99,16,1.56,232,28.4,256,30.53,6,24.1,64,14.43,334,15.27,319,15.63,286,41.25,92,33.7,68,6.34,346,8.24,234,10.4,74,35.32,13,25.04,151,14.97,316,15.22,206,9.39,342
2017,"Quinnipiac",76.62,193,0.04,152,-0.49,237,-0.22,191,-0.49,234,0.43,155,-0.23,195,1.43,271,34.83,103,22.74,63,14.67,334,20.99,128,18.23,244,23.33,77,32.93,242,26.72,197,15.26,178,13.69,90,11.36,54,25.36,194,19.37,304,23.54,41,15.59,185,16.09,75
2017,"Radford",75.52,325,-1.22,299,-1.57,322,-1.36,309,-1.82,326,-0.26,207,-1.4,323,1.21,311,31.52,194,18.65,175,19.79,186,18.63,213,21.54,141,21.32,124,45.8,39,32.83,79,13.92,210,3.07,349,4.29,323,25.63,184,32.89,12,18.05,210,9.92,347,13.43,196
2017,"Rhode Island",77.06,135,-0.31,196,0.27,135,-0.1,178,0.45,121,1.16,76,-0.02,168,1.8,142,35.9,83,17.46,219,23.46,81,23.16,74,16.88,291,18.98,184,30.23,282,36.95,37,12.04,268,11.47,140,9.22,113,29.17,85,29.7,33,19.73,132,10.72,341,10.6,318
2017,"Rice",76.45,215,-0.83,242,-1.74,329,-0.5,230,0.02,181,1.46,52,-1.28,315,1.26,302,29.23,234,16.5,256,17.96,258,20.91,133,17.83,260,26.78,22,40.99,100,20.68,278,24.68,37,7.48,262,6.15,250,21.2,306,26.86,99,26.93,8,11.37,328,13.63,182
2017,"Richmond",75.65,315,-0.13,176,-1.58,325,-1.09,294,-2.23,342,-0.54,232,-0.86,274,1.63,206,22.95,338,25.75,24,17.45,273,16.1,301,16.46,297,24.2,57,25.27,330,17.13,315,26.5,24,22.86,9,8.19,150,33.88,19,18.86,311,22.1,62,16.12,161,9,347
2017,"Rider",75.95,290,-1.65,329,0.2,141,0.86,83,-0.47,232,-3.05,338,-0.73,259,2.01,69,25.84,305,22.17,80,22.14,112,20.1,157,19.89,193,15.68,284,39.45,131,25.93,208,14.43,200,13.36,100,6.78,220,28.91,93,26.84,100,14.87,318,15.35,198,14.01,159
2017,"Robert Morris",76.07,267,-0.38,204,-1.15,301,-0.47,226,-0.95,278,-0.54,232,-0.77,264,1.49,254,32.83,157,17.49,218,24.25,59,18.1,237,17.81,261,22.33,104,29.63,299,23.63,239,30.61,5,8.42,227,7.66,171,21.76,299,22.16,246,20.17,120,20.15,45,15.72,94
2017,"Rutgers",77.82,43,2.46,13,1.49,31,1.33,42,-0.82,260,0.82,106,1.98,17,1.43,273,34.66,107,15.9,279,17.29,276,17.14,275,23.36,98,26.25,29,29.81,295,21.82,264,24.98,34,17.92,31,5.37,282,21.31,303,20.25,290,23.66,39,17.65,110,17.07,48
2017,"SIU Edwardsville",76.65,186,-1.34,309,-1.17,302,-0.43,222,1.18,51,1.2,69,-1.26,308,1.59,222,33.08,146,22.85,61,17.73,266,18.89,204,22.29,121,18.19,215,28.31,310,34.74,57,10.76,293,4.46,341,21.66,1,26.07,173,27.23,88,16.31,283,15.45,192,14.87,120
2017,"SMU",78.47,10,-0.71,232,0.01,180,1.28,43,3.18,2,4.76,1,-0.35,212,1.89,112,18.39,349,19.15,159,27.42,13,19.64,172,20.46,173,13.32,329,29.39,301,25.53,214,24.11,45,9.62,203,11.33,55,25.15,203,20.44,286,19.39,147,19.7,57,15.3,106
2017,"Sacramento St.",76.55,202,0.97,80,0.2,141,0.64,108,-1.79,323,-1.14,278,0.59,99,1.92,101,26.63,294,22.41,74,23.81,70,21.32,114,16.44,298,15.97,279,42.99,71,25.92,209,16.06,161,5.55,325,9.4,109,22.17,294,28.7,58,19.8,129,13.71,259,15.56,98
2017,"Sacred Heart",76.28,243,-1.18,294,-0.64,251,-1.21,302,-0.21,208,0.78,112,-0.91,279,1.77,156,32.31,170,19.61,144,22.33,103,19.06,198,25.83,41,13.12,331,23.47,342,42.25,10,19.37,100,9.27,209,5.54,275,21.23,305,29.92,31,19.64,137,18.03,99,11.11,301
2017,"Saint Joseph's",76.94,149,-1.18,295,0.05,172,1.28,43,1.23,47,-0.54,232,-0.57,237,1.24,309,36.05,77,14.08,312,20.72,146,20.56,141,17.69,265,26.92,21,43.95,58,14.41,337,16.99,141,13.46,98,11.14,59,23.6,254,19.98,295,24.92,20,15.7,180,15.77,91
2017,"Saint Louis",77.1,128,0.01,164,0.2,141,0.31,131,1.18,51,-0.03,190,0.11,153,1.55,234,29.77,229,18.3,183,21.87,123,19.39,184,23.13,105,17.31,246,31.26,269,43.34,6,10.39,303,9.68,201,5.33,286,24.11,240,29.29,45,16.89,254,15.46,191,14.26,147
2017,"Saint Mary's",77.58,74,1.76,30,1.39,34,1.21,57,-0.82,260,0.5,138,1.58,26,1.98,82,25.41,310,29.56,8,15.98,312,23.72,57,13.98,336,16.7,259,43.46,61,36.16,44,10.38,304,5.64,321,4.31,322,35.16,14,23.67,194,14.38,327,15.22,207,11.51,287
2017,"Saint Peter's",75.96,285,-1.25,300,-1.39,317,-1.13,300,-0.72,251,0.46,142,-1.32,319,2.19,34,32.04,179,25.51,27,15.92,314,15.09,327,20.39,176,23.08,80,45.62,40,32.23,83,4.36,351,10.08,188,7.68,170,33.98,18,17.44,331,16.55,275,15.59,186,16.41,62
2017,"Sam Houston St.",75.58,322,-1.55,322,-1.02,285,-1.26,304,-1.58,315,-0.54,232,-1.29,316,2.24,25,39.5,27,27.12,17,17.56,270,19.53,178,17.27,278,18.48,201,41.17,95,28.79,145,12.33,261,8.15,237,9.5,103,26.36,158,28.83,54,14.15,331,14.81,223,15.8,89
2017,"Samford",76.44,219,-0.28,191,0.26,138,-0.07,176,-0.79,257,-0.76,258,-0.01,167,1.27,301,30.85,205,21.34,101,20.56,152,23.73,56,16.53,296,17.8,230,41.07,97,23.55,241,19.51,96,6.91,283,8.91,120,31.46,43,26.13,116,20.18,119,11.12,332,11.08,303
2017,"San Diego",77,143,-0.45,213,-0.09,193,0.83,87,0.31,140,0.58,134,-0.27,202,1.14,320,22.07,343,17.2,235,24.85,44,21.74,101,16.53,295,19.63,168,24.51,338,30.12,123,26.85,17,10.7,165,7.77,167,24.19,236,24.03,183,23.2,50,14.34,246,14.21,151
2017,"San Diego St.",78.28,19,0.92,89,1.79,17,0.85,84,1.45,36,2.53,10,1.35,38,1.98,83,35.97,80,18.39,178,22.02,117,15.96,306,22.09,129,21.52,120,33.49,233,32.18,85,14.84,191,10.41,172,9.02,118,23.26,268,26.11,119,15.14,311,21.42,25,14.06,155
2017,"San Francisco",77.63,65,0.97,85,0.9,73,0.28,133,1.01,82,1.14,77,0.94,62,0.92,343,44.27,2,14.78,301,14.49,338,22.32,86,30.44,6,17.92,224,27.98,316,37.17,33,9.28,320,16.1,54,9.41,108,22.7,285,23.07,215,18.2,200,17.26,120,18.72,20
2017,"San Jose St.",77.62,68,-0.26,189,0.92,70,0.94,73,1.16,66,1.46,52,0.33,123,1.3,292,39.8,25,23.23,55,27.38,14,18.96,202,15.3,317,15.11,296,14.89,350,45.27,4,26.66,21,5.59,323,7.58,178,19.64,333,30.65,20,18.74,175,16.54,145,14.42,140
2017,"Santa Clara",77.18,119,1.09,64,0.64,97,-0.4,214,-0.2,206,0.93,93,0.86,68,2.02,67,28.65,250,14.39,308,18.99,222,19.57,176,25.29,50,21.72,115,46.28,35,27.38,174,12.45,255,6.28,307,7.58,179,28.56,105,27.87,71,18.52,191,11.05,335,13.95,164
2017,"Savannah St.",76.3,241,-1.35,310,-1.8,332,-0.6,244,0.52,113,0.85,100,-1.57,333,1.52,245,40.39,17,15.29,298,21.88,122,22.34,85,25.02,59,15.39,290,35.33,204,15.87,327,17.91,118,16.99,42,13.82,25,23.77,251,26.44,113,17.61,232,16.31,154,15.77,92
2017,"Seattle",77.77,49,1.36,47,0.01,179,0.79,93,2.18,14,0.68,123,0.69,90,1.61,215,30.66,208,24.07,38,16.06,310,19.87,163,24.89,62,15.11,297,32.7,245,18.17,306,21.63,69,15.13,69,12.38,41,24.22,235,21.54,267,20.4,112,18.76,79,15.09,114
2017,"Seton Hall",77.61,69,0.79,92,0.91,72,0.69,100,0.35,132,1.46,52,0.85,71,1.81,137,25.08,315,22.9,59,11.8,350,26.29,23,25.66,44,13.35,328,49.07,23,27.02,189,11.34,285,6.76,290,5.81,265,36.51,7,23.18,210,17.37,238,11.81,318,11.14,299
2017,"Siena",77.54,78,0.69,97,1.05,57,1.53,28,0.42,126,0.17,176,0.87,67,2.17,37,27.65,278,20.61,115,19.81,184,23.52,63,13.27,343,22.75,91,26.02,328,27.31,177,20.67,82,12.74,114,13.22,34,16.83,350,34.54,6,19.78,130,14.75,229,14.06,154
2017,"South Alabama",76.74,171,-1.82,337,-0.02,184,0.93,76,0.55,112,0.21,173,-0.92,280,1.87,118,40.39,16,21.52,95,21.54,129,20.49,146,24.69,67,11.72,345,37.87,165,27.69,161,19.65,92,9.89,196,4.84,307,24.95,212,28.54,59,16.79,264,13.71,260,15.96,83
2017,"South Carolina",77.11,127,1.04,71,0.63,99,0.45,117,-0.04,187,-0.38,221,0.83,73,1.56,233,32.93,152,11.02,350,26.48,24,31.75,1,15.4,315,15.35,291,28.2,312,27.25,181,24.53,41,11.3,145,8.72,128,21.77,298,28.04,67,24.65,25,11.97,316,13.56,186
2017,"South Carolina St.",75.83,300,-1.02,276,-0.54,242,-1.72,328,-0.61,242,-0.81,260,-0.78,267,1.72,174,37.64,49,11.78,342,23.3,86,28.57,9,24.29,81,12.04,340,30.77,274,28.36,154,17.61,128,14.47,77,8.77,126,25.27,196,26.5,109,15.99,291,14.56,236,17.66,43
2017,"South Dakota",76.14,259,-0.96,269,-1.19,304,-1.37,311,-0.07,191,0.46,142,-1.08,302,1.26,304,33.81,125,22.32,75,16.21,307,14.99,330,27.78,17,18.64,196,33.69,230,26.22,204,23.04,54,8.86,219,8.1,159,23.06,273,23.71,192,19.74,131,19.35,62,14.08,153
2017,"South Dakota St.",77.53,80,0.04,152,0.43,118,1.22,55,1.21,49,0.91,96,0.23,136,1.78,148,35.97,79,33.6,2,21.85,124,15.12,324,17.32,274,12.04,341,32.12,256,15.52,331,17.83,122,19.79,20,14.67,20,26.62,149,20.3,288,16.78,265,18.51,82,17.73,42
2017,"South Florida",78.29,18,1.79,29,0.8,81,1.15,60,1.18,51,2.68,8,1.29,42,1.04,329,35.59,90,18.06,195,20.33,160,17.98,242,25.2,53,18.38,204,39.05,142,25.12,224,23.81,48,6.74,293,5.21,291,25.89,178,27.96,68,21.64,69,12.58,299,11.88,272
2017,"Southeast Missouri St.",75.86,296,-1.81,336,-0.75,260,-1,287,-0.66,248,-0.33,218,-1.28,314,1.83,131,35.82,84,18.88,168,27.1,18,24.03,49,17.91,257,12.05,339,41.6,86,20.04,286,20.88,76,10.14,184,7.25,192,26.14,170,25.04,153,17.05,248,17.97,101,13.73,175
2017,"Southeastern Louisiana",75.57,323,-0.21,184,-0.02,185,-0.39,209,-2.32,343,-3.07,339,-0.12,186,1.77,155,36.6,68,13.06,329,23.35,83,26.96,16,12.53,347,24.09,62,39.5,129,28.8,144,15,185,6.87,285,9.79,93,28.54,106,22.82,222,22.24,60,11.09,333,15.28,107
2017,"Southern",76.46,213,-0.12,175,-0.61,249,-0.66,253,0.11,174,-0.27,208,-0.37,218,2.33,16,29.96,225,22.01,82,15.36,322,23.47,65,22.78,108,16.35,266,29.05,304,24.91,226,26.59,23,14.7,74,4.73,309,24.4,224,21.68,263,21.77,68,19.89,53,12.24,252
2017,"Southern Illinois",76.11,263,-0.78,238,0.07,169,0.06,164,-0.66,247,-1.98,315,-0.36,214,2,75,27.06,290,18.05,196,20.47,159,18.36,221,20.18,184,22.95,87,35.37,203,33.18,74,13.07,235,13.37,99,5.01,297,22.37,291,32.96,11,18.17,204,14.83,219,11.66,284
2017,"Southern Miss",76.02,273,-1.38,313,0.2,141,0.23,151,-1.16,294,-1.61,303,-0.59,242,2.12,47,32.03,181,23.03,57,24.77,48,21.35,112,17.97,253,12.86,333,43.48,60,21.15,274,10.05,310,13.64,91,11.66,49,24.32,230,24.84,158,16.65,270,20.65,33,13.51,192
2017,"Southern Utah",76.86,159,1.38,46,0.22,140,-1.48,314,-0.41,228,0.73,118,0.8,79,1.83,129,33.58,130,13.06,328,18.45,238,24.46,44,28.08,16,15.95,280,29.95,292,33.72,67,11.91,275,11.51,139,12.92,37,21.68,300,23.43,204,21.34,79,16.78,135,16.77,54
2017,"St. Bonaventure",76.77,169,-1.01,274,0.08,165,-0.39,212,0.16,170,1.18,74,-0.47,228,1.93,97,21.58,345,19.27,155,18.7,231,10.61,350,25.1,57,26.31,26,24.61,335,35.62,49,28.38,13,5.69,317,5.68,269,19.71,331,25.5,138,16.63,271,24.51,9,13.63,183
2017,"St. Francis NY",74.52,348,-1.9,340,-2.16,342,-2.25,346,-2.66,344,-2.25,322,-2.03,344,1.17,317,34.94,101,15.94,278,14.05,342,21.38,109,24.35,77,24.28,56,28.21,311,26.71,198,25.01,33,11.39,142,8.64,132,24.11,238,27.77,76,26.75,9,10.82,339,10.51,322
2017,"St. Francis PA",74.82,347,-0.92,250,-2.98,350,-2.2,345,-1.82,326,-1.85,311,-1.95,341,0.89,346,27.79,274,18.94,165,19.41,204,17.36,263,21.6,138,22.66,94,40.59,109,27,191,12.65,246,9.64,202,10.07,88,30.71,55,28.84,53,10.86,350,13.45,269,16.09,76
2017,"St. John's",77.09,131,1.2,57,0.39,123,1.66,25,-1.39,301,-0.26,206,0.8,81,0.91,344,32.86,155,12.84,332,16.35,301,19.53,177,24.87,64,26.4,25,31.29,268,27.41,171,19.47,97,11.05,155,10.78,63,26.39,155,22.22,245,20.97,89,16.04,164,14.38,141
2017,"Stanford",77.87,40,1.06,66,1.29,40,0.28,133,1.04,79,1.82,35,1.18,51,2,77,34.11,116,17.58,213,28.71,5,22.13,92,15.47,314,16.05,276,36.55,184,46.32,1,6.61,345,5.94,313,4.52,318,25.89,177,30.02,26,15.35,309,16.28,155,12.38,249
2017,"Stephen F. Austin",77.27,108,-0.42,209,0.02,175,0.61,111,1.1,72,1.2,68,-0.2,192,1.58,226,36.81,66,20.49,118,23.33,85,20.08,158,23.64,90,12.46,338,30.57,277,33.47,70,23.41,52,8.13,238,4.41,320,28.46,109,25.5,137,20.44,111,16.93,127,8.66,350
2017,"Stetson",75.39,333,-0.89,247,-1.01,284,0.24,149,-1.57,313,-3.7,345,-0.95,284,1.71,180,28.21,260,15.15,300,27.88,9,18.37,220,21.5,144,17.08,248,43.38,64,22.93,252,10.71,295,15.53,60,7.41,186,24.26,233,20.88,277,18.19,203,20.3,41,16.34,65
2017,"Stony Brook",77.17,123,-0.46,215,-0.41,229,1.28,43,0.92,83,0.65,125,-0.44,225,1.95,90,38.59,35,17.28,228,21.06,140,23.19,72,19.05,215,19.42,174,34.28,220,26.58,200,24.06,46,6.23,308,8.84,122,25.2,201,19.24,307,24.78,23,15.62,183,15.16,112
2017,"Syracuse",78.44,11,0.49,116,1.78,18,2.38,7,3.06,4,0.64,128,1.13,54,1.73,172,23.45,331,22.5,72,16.66,294,24.6,42,18.75,228,17.41,243,36.91,174,34.82,56,13.24,233,6.82,287,8.11,157,29.14,87,29.96,30,19.57,144,11.4,327,9.86,333
2017,"TCU",77.7,56,1.75,31,0.71,90,1.41,33,0.17,169,0.62,132,1.23,48,1.64,200,32.27,172,27.32,15,19.53,200,17.69,255,17.37,272,18.09,220,35.94,192,29.53,133,21.64,68,7.27,272,5.63,272,23.16,271,27.24,86,23.27,48,13.23,279,13.1,217
2017,"Temple",78.35,15,1.21,56,2.1,14,2.76,5,2.35,12,-0.54,231,1.65,25,1.41,274,23.83,328,18.39,180,22.28,108,21.5,104,21.02,159,16.75,258,39.72,124,18.91,295,16.38,150,11.39,143,13.53,30,28.86,95,24.2,179,19.38,148,15.49,189,12,264
2017,"Tennessee",75.9,294,-1.22,298,-1.8,332,-0.75,272,-0.36,222,-0.21,201,-1.51,329,1.05,328,40.59,13,15.17,299,24.74,49,20.99,127,20.08,187,18.96,187,39.13,136,28.47,151,15.07,183,11.26,148,5.98,255,23.26,266,18.68,313,23.68,38,18.9,75,15.41,100
2017,"Tennessee Martin",76.35,233,-1.29,304,0.14,162,0.16,157,-0.83,270,-0.29,213,-0.58,241,2.47,8,28.04,264,15.82,282,19.34,207,19.17,194,19.31,211,26.31,27,28.16,315,38.69,26,22.58,58,2.9,351,7.62,174,26.39,154,27.31,84,22,64,12.5,302,11.74,281
2017,"Tennessee St.",76.93,151,-0.12,174,-0.32,219,-0.24,194,1.18,51,0.28,167,-0.22,194,2.22,28,32.7,161,18.03,197,25.69,34,20.73,137,17.28,275,18.19,214,27.97,317,30.42,115,23.16,53,13.48,96,4.86,306,23.35,263,28.23,62,19.13,159,16.65,142,12.55,241
2017,"Tennessee Tech",76.09,264,-1.26,302,-1.29,310,-1.56,324,-0.09,192,0.81,111,-1.27,311,1.94,93,34.28,111,13.48,323,21.3,134,22.97,77,21.42,147,20.81,138,39.39,133,24.61,229,19.06,103,8.35,230,8.55,138,24.97,210,17.72,324,19.71,134,15.07,211,22.5,2
2017,"Texas",77.78,47,1.85,28,1.12,53,-0.61,245,0.66,101,2.04,26,1.49,32,0.94,342,31.38,195,21.65,93,22.28,106,23.17,73,18.12,250,14.74,306,41.78,84,28.77,146,9.02,323,15.76,58,4.62,314,28.71,101,23.17,211,20.93,90,15.43,194,11.72,282
2017,"Texas A&M",78.96,4,1.24,55,2.8,3,4.12,1,1.62,33,1.17,75,2.02,15,1.34,283,30.69,207,24.46,34,18.87,223,23.41,67,21.2,155,12.01,343,31.26,270,18.52,302,35.31,1,12.83,112,2.02,351,23.68,253,20.83,279,29.13,1,14.62,234,11.66,283
2017,"Texas A&M Corpus Chris",76.54,203,-0.96,254,-1.14,299,-0.66,252,0.18,150,1.44,62,-1.05,298,1.88,114,22.73,340,24.09,37,20.96,141,25.38,30,14.78,325,14.75,305,28.85,305,14.49,336,23.86,47,12.75,113,19.99,5,30.13,64,21.62,265,24.16,33,10.78,340,13.25,204
2017,"Texas Southern",74.36,351,1.92,24,-1.7,328,-1.58,326,-5.5,351,-5.2,350,0.11,152,2.01,73,34.38,109,17.5,216,17.62,269,26.32,21,17.87,258,20.69,141,39.06,140,33.79,66,12.67,245,8.57,225,5.91,260,33.02,21,25.29,143,17.58,233,13.02,286,11.09,302
2017,"Texas St.",76.43,221,-0.96,254,0.37,125,0.38,126,-1.53,311,0.04,185,-0.29,205,1.77,157,28.01,267,14.64,303,26.68,23,24.48,43,16.86,292,17.31,245,34.15,224,26.69,199,25.24,30,7.9,247,5.96,256,22.94,277,25.72,128,21.21,83,12.19,309,17.91,37
2017,"Texas Tech",77.39,99,-0.55,222,1.2,45,1.24,53,0.84,92,0.38,159,0.32,124,2.38,12,33.37,134,20.91,107,21.56,128,17.99,241,25.6,46,13.88,323,15.76,349,31.17,101,25.4,28,12.97,108,14.62,22,18.68,339,25.2,145,23.53,42,16.81,134,15.7,96
2017,"The Citadel",74.94,344,-1.47,320,-1.08,293,-1.86,340,-1.95,335,-2.78,337,-1.28,313,1.03,331,39.95,22,22.71,65,20.77,143,13.61,340,26.78,29,16.08,273,32.59,247,30.58,113,10.08,309,9.9,195,16.79,9,25.53,189,29.65,35,15.34,310,13.62,263,15.82,88
2017,"Toledo",78.13,25,1.16,59,1.76,19,1.08,65,1.28,45,1.53,48,1.46,33,1.91,106,21.9,344,19.23,157,22.01,118,14.2,336,18.9,218,25.63,32,33.15,238,24.33,232,25.87,26,8.34,231,8.28,148,30.87,53,33.27,9,16.76,266,8.61,350,10.46,323
2017,"Towson",77.2,115,-1.02,277,-0.91,278,0.28,133,1.32,42,2.46,13,-0.97,285,1.8,140,36.91,62,15.81,284,25.75,33,18.85,207,21.39,148,18.15,217,39.71,125,23.67,238,17.11,136,9.12,213,10.33,78,25.14,204,27.82,75,20.32,115,13.55,265,13.12,216
2017,"Troy",76.39,228,-1.15,289,-0.8,265,-0.55,240,-0.04,185,0.66,124,-0.98,290,2.06,59,32.13,175,17.05,241,19.9,176,28.7,7,22.75,111,11.53,346,30.08,285,35.18,54,21.47,72,6.93,282,6.27,244,26.99,140,27.7,77,19.89,128,11.57,322,13.77,173
2017,"Tulane",77.42,94,0.97,83,0.07,167,-0.05,173,1.08,74,1.2,70,0.52,105,1.55,236,28,268,16.02,274,25.97,31,24.02,50,18.81,224,15.12,295,34.4,216,18.34,303,16.2,155,21.46,16,9.52,102,20.49,319,27.9,70,17.86,221,21.69,22,12,265
2017,"Tulsa",77.37,100,-0.24,186,0.61,100,0.25,148,1.18,51,1.21,67,0.18,144,1.54,237,31.14,202,20.55,116,23.15,89,16.65,287,20.97,160,18.67,195,54.45,4,27.54,168,7.14,341,4.15,343,6.69,223,26.19,167,27.56,79,13.6,337,14.58,235,18.05,33
2017,"UAB",77.08,133,0.04,152,0.56,103,-0.27,196,-0.24,211,1.46,52,0.3,127,2.16,38,37.16,58,21.93,84,26.83,20,18.81,208,16.2,303,16.22,270,31.62,264,32.2,84,16.27,153,10.12,186,9.8,92,26.95,141,26.5,110,16.3,284,13.9,255,16.35,64
2017,"UC Davis",75.77,304,-1.67,330,-0.91,277,-0.72,256,0.58,109,-2.29,324,-1.29,317,2.2,32,29.91,226,12.8,333,25.6,35,21.2,118,25.35,48,15.04,298,31.82,260,41.55,13,10.47,301,9.96,192,6.18,249,20.28,322,37.99,2,16.28,285,15.33,200,10.11,331
2017,"UC Irvine",76.67,182,3.12,6,1.4,33,-0.76,273,-1.71,319,-2.54,331,2.26,9,1.25,307,40.76,12,22.2,79,15.25,325,18.42,218,18.6,233,25.5,36,32.59,246,42.98,7,7.42,339,11.61,134,5.38,281,26.72,146,26.12,117,17.99,214,16.44,150,12.71,235
2017,"UC Riverside",77.09,132,1.67,35,-0.31,217,-0.36,205,-0.2,207,0.78,114,0.68,93,1.98,84,37.36,54,20.8,108,18.01,254,21.75,100,19.94,192,19.41,175,40.98,101,27.69,162,15.9,164,7.21,274,8.12,155,19.71,332,22.67,227,20.46,109,23.14,15,13.94,165
2017,"UC Santa Barbara",76.56,200,0.18,143,-0.24,207,0.05,165,-0.36,224,-0.67,250,-0.03,169,1.33,286,41.97,8,22.62,69,14.92,332,17.16,272,26.29,37,18.94,188,40.87,105,30.69,111,12.48,253,7.51,261,8.37,146,29.38,79,23.43,205,17.94,216,14.97,215,14.22,150
2017,"UCF",79.4,1,5.95,1,1.89,16,2.06,10,2.18,14,1.05,86,3.92,1,2.1,52,25.94,303,22.76,62,14.51,337,16.98,281,23.16,104,22.55,98,54.26,5,18.73,298,16.15,158,5.88,314,4.91,305,28.92,91,24.28,174,18.73,176,15.16,208,12.84,230
2017,"UCLA",78.44,12,2.45,14,2.59,5,1.02,68,1.17,65,1.13,78,2.52,7,1.43,272,23.22,334,17.26,229,22.29,104,19.01,200,20.77,167,20.63,144,39.78,122,33.46,72,12.55,250,8.7,221,5.44,278,30.96,51,27.17,91,18.55,189,11.08,334,12.18,257
2017,"UMBC",75.5,326,-0.02,165,-0.13,199,-1.47,313,-1.04,285,-3.7,344,-0.08,179,1.75,159,28.76,247,19.76,134,22.24,110,16.67,285,26.32,36,14.93,299,31.6,265,18.09,307,19.43,98,19.1,25,11.7,47,22.5,288,17.68,327,25.67,16,22.87,16,11.21,296
2017,"UMKC",75.43,329,-0.96,253,-0.46,235,-0.85,276,-2.06,340,-2.34,327,-0.71,258,2.11,49,38.82,32,12.74,335,21.48,130,22.79,80,18.47,239,24.48,52,43.16,68,24.27,234,15.02,184,12.73,115,4.78,308,23.78,250,21.77,261,16.92,251,20.61,34,16.87,53
2017,"UMass Lowell",75.58,320,-2.07,345,-2.29,345,-1.32,307,-0.58,239,0.34,165,-2.18,347,1.46,261,25.73,307,19.67,141,14.83,333,18.69,211,26.15,39,20.64,143,25.15,331,17.03,317,13.96,209,30.26,2,13.56,29,19.41,336,17.12,334,17.84,222,30.61,3,14.98,118
2017,"UNC Asheville",75.66,314,-2.51,348,-2.99,351,-1.72,328,0.18,150,1.48,50,-2.75,350,1.86,123,27.11,288,16.84,245,17.48,272,25.24,31,24.97,60,15.4,289,43.84,59,17.22,314,19.67,91,11.55,136,7.62,173,21.09,310,12.41,351,23.96,35,21.64,23,20.82,7
2017,"UNC Greensboro",76.7,175,0.04,152,1.02,63,-0.07,177,-0.78,256,-0.54,232,0.53,102,1.62,211,32.48,164,13.88,318,23.62,74,15.66,311,24.15,82,22.65,95,39.87,121,32.47,81,12.39,257,5.51,326,9.7,97,29.81,71,28.98,50,14.35,328,11.4,326,15.4,102
2017,"UNC Wilmington",75.53,324,-1.72,332,-1.8,332,-0.33,202,-1.79,322,-0.54,232,-1.76,339,2.08,57,23.31,333,17.97,200,23.46,80,19.86,164,17.43,270,21.24,127,49.11,22,18.05,308,13.91,211,12.35,120,6.51,236,36.04,9,20.27,289,20.55,106,13.38,274,9.72,338
2017,"UNLV",77.65,61,0.15,145,0.2,141,0.93,75,1.18,51,1.94,30,0.17,147,1.86,121,35.58,91,16.72,249,23.87,68,16.62,289,18.71,229,24.02,63,33.06,240,24.48,231,24.47,42,13.75,88,4.16,325,24.36,228,26.19,115,20.85,97,14.86,218,13.67,179
2017,"USC",78.07,28,2.04,21,2.26,10,0.65,105,0.81,93,0.74,116,2.15,13,1.07,326,28.75,248,21.79,89,22.27,109,20.39,149,16.39,299,19.14,182,34.55,214,21.24,273,17.73,124,16.75,44,9.68,98,29.03,89,22.37,241,16.56,274,18.18,92,13.82,171
2017,"USC Upstate",77.58,75,1.74,33,-0.06,189,0.64,106,0.86,90,0.84,103,0.84,72,1.64,201,32.71,160,31.27,4,16.77,292,16.89,283,12.6,346,22.38,103,53.66,7,14.32,338,15.63,171,10.15,183,6.11,252,38.26,4,22.23,244,18.15,206,10.58,343,10.69,316
2017,"UT Arlington",75.72,307,-0.7,230,0.2,141,-1.57,325,-0.84,271,-2.35,328,-0.25,198,2.35,15,34.09,117,18.39,179,24.37,55,21.62,102,20.76,168,14.85,303,40.14,115,16,326,20.81,78,16.55,47,6.47,240,24.08,242,32.82,13,16.87,257,12.77,294,13.44,195
2017,"UT Rio Grande Valley",76.64,188,0.31,131,0.13,163,-1.12,299,-0.82,260,0.83,104,0.22,139,1.34,282,40.03,20,16.17,267,15.18,326,13.72,339,33.15,2,21.76,114,30.05,288,26.97,192,17.13,135,17.18,38,8.62,133,26.48,151,21.88,258,18.19,201,20.37,39,13.03,219
2017,"UTEP",77.7,57,3.42,4,0.9,74,-0.2,187,0.18,150,0.34,163,2.16,12,1.71,179,24.67,321,21.66,92,16.92,286,20.44,148,24.86,65,16.06,275,50.14,18,27.59,166,5.98,347,8.37,229,7.81,166,24.66,218,23.64,196,14.54,324,22.66,17,14.45,136
2017,"UTSA",76.63,190,0.11,147,-0.83,274,-0.41,215,0.18,150,0.27,168,-0.36,215,1.28,295,33.31,137,20.16,125,29.91,2,21.06,124,13.4,341,15.44,287,25.31,329,30.97,107,26.59,22,12.16,125,4.93,302,23.91,246,20.99,274,20.57,105,18.25,88,16.24,71
2017,"Utah",77.93,36,1.44,43,1.67,22,0.38,127,0.8,94,1.48,51,1.56,27,1.66,194,39.24,29,17.67,211,27.06,19,18.23,230,18.53,237,18.45,202,36.37,186,37.81,30,12.04,269,6.75,291,6.94,213,27.91,125,27.24,87,19.72,133,15.25,205,9.79,335
2017,"Utah St.",78.29,17,1.07,65,1.63,27,1.7,22,1.18,51,2.03,28,1.35,39,1.4,276,32.78,158,21.75,90,19.87,178,16.35,299,24.5,71,17.5,239,24.03,341,28.48,150,32.8,2,8.98,217,5.65,271,19.21,337,22.89,221,21.21,82,21.27,26,15.39,104
2017,"Utah Valley",77.14,125,0.66,103,-0.57,244,-0.43,221,0.43,123,1.75,38,0.04,158,1.9,111,37.82,47,20.14,126,19.51,202,18.13,236,21.81,136,20.42,153,54.47,3,13.13,345,14.89,190,7.33,268,10.18,85,31.45,44,17.82,323,17.28,242,13.88,257,19.57,16
2017,"VCU",76.4,226,-1.32,307,-0.64,252,-0.42,216,0.08,179,0.46,142,-0.98,291,2.16,39,36.9,63,24.84,32,17.67,268,13.21,343,19.71,199,24.54,49,45.55,41,27.49,169,13.4,228,10.49,169,3.04,345,34.71,17,15.58,346,17.06,247,18.37,86,14.26,146
2017,"VMI",75.41,332,-1.91,341,-1.35,315,-1.55,323,-1.48,308,-0.54,232,-1.63,336,1.82,135,30.41,213,15.5,294,18.49,237,20.31,152,13.94,337,31.76,2,29.35,302,31.17,100,13.74,213,4.67,337,21.06,2,19.5,334,23,217,24.17,32,8.54,351,24.77,1
2017,"Valparaiso",77.52,82,2.61,11,1.33,39,0.81,90,-0.91,276,-0.1,194,1.97,18,1.85,124,33.69,127,18.66,174,28.93,4,18.88,205,20.31,179,13.2,330,32.18,255,23.18,246,15.77,167,18.37,29,10.47,73,23.51,255,26.65,106,15.59,305,20.17,44,14.05,156
2017,"Vanderbilt",78.27,21,3.39,5,0.08,166,0.78,94,1.36,39,1.89,31,1.73,24,1.84,126,27.77,275,21.37,98,16.8,291,23.61,61,19.35,209,18.86,191,32.51,249,25.5,217,21.44,73,13.46,97,7.08,204,23.94,245,19.53,301,21.21,81,17.66,108,17.66,45
2017,"Vermont",76.78,168,-0.96,254,0.02,176,0.45,118,-0.4,225,0.96,92,-0.47,229,1.93,95,35,99,20.72,111,27.44,12,15.13,323,16.65,293,20.05,163,32.96,241,34.41,58,7.02,343,5.36,329,20.24,3,22.73,284,26.68,103,20.53,108,12.55,301,17.49,47
2017,"Villanova",77.64,63,-0.9,249,0.06,170,0.96,72,2.18,14,2.04,27,-0.42,223,1.75,163,24.68,320,12.98,330,17.23,278,20.07,159,24.88,63,24.81,45,38.29,158,18.93,294,10.77,292,21.46,17,10.51,72,21.93,297,19.85,298,20.25,117,23.48,13,14.45,137
2017,"Virginia",77.41,96,0.53,114,-0.44,233,0.28,133,1.14,69,1.66,45,0.05,157,1.56,231,37.88,46,15.66,289,17.03,284,22.77,81,20.19,183,24.31,55,42.4,77,34.36,59,11.04,287,6.71,295,5.42,279,23.49,256,23.7,193,21.39,77,16.18,158,15.2,111
2017,"Virginia Tech",76.57,199,-1.14,285,-0.81,272,0.28,133,0.21,145,0.46,142,-0.97,287,1.77,158,25.62,309,25.45,28,19.19,215,18.19,233,19.04,217,18.08,221,54.02,6,23.14,248,6.95,344,6.66,297,9.15,115,27.98,121,29.62,37,15.95,294,12.85,292,13.53,190
2017,"Wagner",75.5,327,-1.31,305,-1.51,321,-1.51,317,-1.02,282,-1.01,269,-1.41,324,1.75,160,33.34,136,20.5,117,23.47,79,17.81,247,20.31,178,17.91,225,38.35,155,32.39,82,9.66,318,8.23,235,11.37,53,26.04,174,29.81,32,13.37,341,16.45,149,14.32,142
2017,"Wake Forest",77.25,112,1.64,37,1.39,35,-1,286,0.01,182,0.36,160,1.51,29,1.4,275,31.26,200,19.68,140,24.78,47,19.12,197,22.35,120,14.08,319,39.77,123,42.39,9,10.01,311,4.48,339,3.34,340,30.22,63,24.27,176,16.8,263,16.51,147,12.21,256
2017,"Washington",77.26,110,0.54,113,0.38,124,0.34,130,1.18,51,0.02,187,0.46,109,0.85,347,30.49,212,13.56,321,19.29,211,17.15,274,26.87,26,23.07,81,34.81,209,25.33,219,11.37,283,19.11,24,9.28,111,28.77,99,25.41,139,13.18,342,18.86,77,13.71,176
2017,"Washington St.",76.81,165,2.03,22,1.64,25,-1.93,342,-1.34,300,-0.23,203,1.84,22,2,76,25.28,312,26.09,23,21.29,135,14.8,331,18.55,236,19.24,179,30.43,279,39.03,23,14.43,201,11.38,144,4.71,311,29.69,74,30.84,17,13.6,338,14.97,214,10.89,311
2017,"Weber St.",76.28,242,-0.25,187,-1.14,300,-1.02,289,-0.46,230,0.43,156,-0.7,255,1.79,147,28.58,252,18.89,167,18.44,239,15.01,329,24.65,68,22.99,85,48.13,26,34.87,55,4.79,350,3.72,346,8.45,143,29.88,67,24.02,185,13.64,334,18.17,93,14.26,148
2017,"West Virginia",77.62,67,0.04,152,1.67,23,1.39,38,-0.09,194,1.24,66,0.85,69,2.02,68,37.42,52,17.62,212,18.28,244,22.21,89,20.03,191,21.8,112,30.05,287,27.19,184,21.89,61,10.09,187,10.72,65,25.46,192,21.8,259,15.93,295,15.37,197,21.38,4
2017,"Western Carolina",76.92,153,-0.94,251,-0.29,214,0.28,133,1.21,50,0.46,142,-0.61,246,1.24,308,33.8,126,17.49,217,18.31,243,19.21,193,23.51,95,21.43,122,31.66,262,29.97,127,18.5,107,16.47,48,3.33,341,24.89,215,28.19,64,15.08,313,18.54,81,13.24,205
2017,"Western Illinois",77.08,134,1.3,51,-0.77,262,0.62,109,0.6,107,-0.22,202,0.26,132,1.65,197,29.01,242,16.33,261,22.83,96,21.92,95,24.43,76,14.41,311,47.81,28,19.39,292,13.6,217,6.31,303,12.79,38,27.68,130,25.87,124,23.61,40,13.54,266,9.22,345
2017,"Western Kentucky",77.78,48,0.43,122,0.06,171,0.96,71,1.71,30,1.89,32,0.24,133,2.33,19,27.47,284,20.45,119,25.79,32,19.72,166,17.14,283,16.9,253,40.62,108,35.55,51,8.11,333,5.63,322,10.08,87,25.18,202,33.03,10,18.3,197,12.46,303,11.03,304
2017,"Western Michigan",77.73,52,2.06,20,0.42,119,0.69,99,0.72,99,0.9,97,1.24,47,1.28,296,33.19,140,17.19,236,20.5,157,20.17,154,27.7,18,14.37,313,46.08,38,31.57,93,12.12,265,5.98,312,4.15,326,25.13,205,22.59,231,20.53,107,20.83,29,10.84,312
2017,"Wichita St.",77.72,53,0.22,139,1.14,52,1.63,27,1.31,43,0.46,142,0.68,92,1.46,264,42.59,6,24.02,41,22.49,99,16.36,297,19.56,203,17.52,238,29.92,293,28.49,149,28.6,11,8.9,218,4.01,330,27.86,127,25.85,125,19.63,139,14.37,244,12.21,255
2017,"William & Mary",78.25,22,0.44,120,0.56,102,1.44,31,2.99,6,1.96,29,0.5,107,1.96,86,33.04,148,23.18,56,21.63,127,15.1,325,28.24,15,11.78,344,45.09,47,18.28,304,17.86,120,15.24,66,3.45,338,24.9,214,21.97,252,19.92,127,20.39,38,12.75,233
2017,"Winthrop",74.9,346,-0.96,254,-0.97,282,-0.53,235,-2.09,341,-4.81,349,-0.97,286,2.21,31,34.69,105,19.62,142,17.84,263,18.29,226,14.25,331,30,9,41.56,87,29.06,141,16.35,152,6.44,302,6.59,231,32.44,24,25.68,130,15.83,299,10.85,338,15.2,110
2017,"Wisconsin",77.53,79,0.58,108,1.2,45,0.77,95,0.18,150,1.09,82,0.89,66,2.07,58,30.35,215,23.69,48,21.09,137,15.68,310,17.77,262,21.77,113,39.04,144,24.8,227,24.22,44,9.02,215,2.93,346,31.59,42,22.69,226,20.36,114,12.07,313,13.29,202
2017,"Wofford",76.93,152,0.31,130,0.73,88,-0.72,256,0.85,91,-0.39,225,0.52,104,1.61,218,28.49,255,24.85,31,13.82,344,17.15,273,23.85,87,20.33,160,42.71,73,39.03,24,8.49,328,6.06,311,3.71,335,26.9,143,24.59,163,14.95,317,18.17,94,15.39,103
2017,"Wright St.",76.99,145,0.49,117,-0.65,253,-0.46,225,0.64,104,1.1,79,-0.08,178,2.01,70,25.24,313,20.39,120,26.4,25,18.27,228,19.6,202,15.25,293,28.18,314,20.41,280,20.25,88,23.65,8,7.43,185,11.89,351,17.72,325,24.54,29,27.37,4,18.41,27
2017,"Wyoming",77.84,41,0.34,129,1.21,44,1.41,35,2.01,21,0.39,157,0.77,83,1.81,138,31.92,186,17.75,206,22.28,105,25.77,27,19.8,196,14.37,314,30.36,281,33.6,69,19.31,102,8.06,241,8.62,134,21.08,311,33.92,7,18.07,209,13.67,262,13.23,207
2017,"Xavier",78.49,9,0.38,124,0.35,130,1.28,43,2.72,7,3.85,2,0.37,119,1.7,184,31.65,191,21.88,86,19.54,199,17.04,278,25.65,45,15.82,282,49.18,21,16.74,320,14.77,193,11.55,137,7.68,169,25.57,187,21.93,255,18.82,174,19.77,54,13.85,170
2017,"Yale",77.88,38,0.04,152,0.65,96,1.28,43,1.91,24,1.69,43,0.34,122,1.33,285,28.57,253,20.79,109,19.82,183,17.08,277,24.47,73,17.82,229,39.1,139,28.72,147,8.84,325,11.04,156,12.26,42,26.38,157,22.15,247,19.12,160,19.44,60,12.89,227
2017,"Youngstown St.",76.38,230,0.69,98,-0.42,231,-1.27,305,-0.89,275,-0.07,191,0.13,151,1.99,81,31.34,197,20.19,124,16.33,302,15.37,318,31.63,3,16.45,262,47.51,31,13.09,346,15.35,176,7.72,252,16.26,12,26.9,142,20.62,283,18.08,208,13.35,275,21,5
